date,high,low,open,close,volume,adjclose,formatted_date
1506812400,0.08805999904870987,0.01496999990195036,0.03962999954819679,0.025189999490976334,43197832,0.025189999490976334,2017-09-30
1506898800,0.030629999935626984,0.01971999928355217,0.025180000811815262,0.0258799996227026,56766147,0.0258799996227026,2017-10-01
1506985200,0.026830000802874565,0.020659999921917915,0.025369999930262566,0.020840000361204147,14968597,0.020840000361204147,2017-10-02
1507071600,0.023080000653862953,0.020330000668764114,0.02037999965250492,0.021889999508857727,9039868,0.021889999508857727,2017-10-03
1507158000,0.022690000012516975,0.020959999412298203,0.022430000826716423,0.02151999995112419,5415047,0.02151999995112419,2017-10-04
1507244400,0.021859999746084213,0.018139999359846115,0.021770000457763672,0.018489999696612358,6880100,0.018489999696612358,2017-10-05
1507330800,0.02181999944150448,0.017740000039339066,0.01875999942421913,0.020800000056624413,7782738,0.020800000056624413,2017-10-06
1507417200,0.024399999529123306,0.020150000229477882,0.021630000323057175,0.020519999787211418,7065396,0.020519999787211418,2017-10-07
1507503600,0.02370000071823597,0.021069999784231186,0.02126000076532364,0.02206999994814396,4606897,0.02206999994814396,2017-10-08
1507590000,0.022290000692009926,0.0210999995470047,0.02201000042259693,0.021479999646544456,2716805,0.021479999646544456,2017-10-09
1507676400,0.022630000486969948,0.021229999139904976,0.02175999991595745,0.022530000656843185,3715295,0.022530000656843185,2017-10-10
1507762800,0.02742999978363514,0.02319999970495701,0.025369999930262566,0.026350000873208046,9059211,0.026350000873208046,2017-10-11
1507849200,0.03455999866127968,0.025369999930262566,0.027340000495314598,0.03353999927639961,17452282,0.03353999927639961,2017-10-12
1507935600,0.03954999893903732,0.029529999941587448,0.03466000035405159,0.03220999985933304,25537406,0.03220999985933304,2017-10-13
1508022000,0.032930001616477966,0.029580000787973404,0.0314599983394146,0.03002999909222126,6656646,0.03002999909222126,2017-10-14
1508108400,0.0313900001347065,0.02879999950528145,0.03034999966621399,0.028909999877214432,5484606,0.028909999877214432,2017-10-15
1508194800,0.028780000284314156,0.02474999986588955,0.02810000069439411,0.027210000902414322,6128848,0.027210000902414322,2017-10-16
1508281200,0.027659999206662178,0.025869999080896378,0.02710000053048134,0.026650000363588333,1876064,0.026650000363588333,2017-10-17
1508367600,0.027580000460147858,0.026159999892115593,0.027240000665187836,0.027009999379515648,2951231,0.027009999379515648,2017-10-18
1508454000,0.03164000064134598,0.027990000322461128,0.02841000072658062,0.030500000342726707,8854836,0.030500000342726707,2017-10-19
1508540400,0.03092999942600727,0.027629999443888664,0.030570000410079956,0.02841000072658062,5272345,0.02841000072658062,2017-10-20
1508626800,0.02841999940574169,0.02751999907195568,0.028300000354647636,0.027699999511241913,2867782,0.027699999511241913,2017-10-21
1508713200,0.027569999918341637,0.02449999935925007,0.027329999953508377,0.025800000876188278,3483353,0.025800000876188278,2017-10-22
1508799600,0.028389999642968178,0.02266000024974346,0.024089999496936798,0.027009999379515648,7688508,0.027009999379515648,2017-10-23
1508886000,0.028669999912381172,0.026660000905394554,0.02810000069439411,0.027410000562667847,2497078,0.027410000562667847,2017-10-24
1508972400,0.028379999101161957,0.02655000053346157,0.028139999136328697,0.027140000835061073,2425949,0.027140000835061073,2017-10-25
1509058800,0.026569999754428864,0.02507999911904335,0.026569999754428864,0.02645999938249588,2470932,0.02645999938249588,2017-10-26
1509145200,0.026340000331401825,0.025769999250769615,0.02628999948501587,0.0258799996227026,1731346,0.0258799996227026,2017-10-27
1509231600,0.03012000024318695,0.027540000155568123,0.027790000662207603,0.02834000065922737,4639544,0.02834000065922737,2017-10-28
1509321600,0.028850000351667404,0.02744000032544136,0.028230000287294388,0.028540000319480896,3815209,0.028540000319480896,2017-10-30
1509408000,0.03173999860882759,0.02896999940276146,0.030060000717639923,0.03051000088453293,7333742,0.03051000088453293,2017-10-31
1509494400,0.03200000151991844,0.02298000082373619,0.031939998269081116,0.02304000034928322,7914408,0.02304000034928322,2017-11-01
1509580800,0.026340000331401825,0.017839999869465828,0.02401999942958355,0.021290000528097153,5833866,0.021290000528097153,2017-11-02
1509667200,0.023600000888109207,0.019600000232458115,0.02167000062763691,0.022530000656843185,2974286,0.022530000656843185,2017-11-03
1509753600,0.024299999698996544,0.021719999611377716,0.02298000082373619,0.021940000355243683,2466366,0.021940000355243683,2017-11-04
1509840000,0.022830000147223473,0.02061999961733818,0.022019999101758003,0.02068999968469143,2288084,0.02068999968469143,2017-11-05
1509926400,0.023240000009536743,0.01948999986052513,0.01948999986052513,0.021849999204277992,4625549,0.021849999204277992,2017-11-06
1510012800,0.02379000000655651,0.021449999883770943,0.022299999371170998,0.022089999169111252,2464980,0.022089999169111252,2017-11-07
1510099200,0.027540000155568123,0.022040000185370445,0.023150000721216202,0.02508999966084957,6522574,0.02508999966084957,2017-11-08
1510185600,0.034929998219013214,0.023959999904036522,0.02402999997138977,0.03223000094294548,19837796,0.03223000094294548,2017-11-09
1510272000,0.030139999464154243,0.02638999931514263,0.029680000618100166,0.02638999931514263,6415042,0.02638999931514263,2017-11-10
1510358400,0.0284000001847744,0.025679999962449074,0.025679999962449074,0.0272000003606081,5481015,0.0272000003606081,2017-11-11
1510444800,0.026329999789595604,0.022280000150203705,0.025219999253749847,0.02410000003874302,7433277,0.02410000003874302,2017-11-12
1510531200,0.027389999479055405,0.024720000103116035,0.026739999651908875,0.025699999183416367,4388632,0.025699999183416367,2017-11-13
1510617600,0.02672000043094158,0.025529999285936356,0.025989999994635582,0.026189999654889107,3043474,0.026189999654889107,2017-11-14
1510704000,0.028909999877214432,0.025200000032782555,0.028909999877214432,0.026580000296235085,6659737,0.026580000296235085,2017-11-15
1510790400,0.030079999938607216,0.02710000053048134,0.028669999912381172,0.027489999309182167,4742182,0.027489999309182167,2017-11-16
1510876800,0.02686999924480915,0.02401999942958355,0.02686999924480915,0.02572000026702881,3579334,0.02572000026702881,2017-11-17
1510963200,0.027079999446868896,0.025439999997615814,0.025989999994635582,0.02630000002682209,2928219,0.02630000002682209,2017-11-18
1511049600,0.029190000146627426,0.02662000060081482,0.02717999927699566,0.02806999906897545,4753206,0.02806999906897545,2017-11-19
1511136000,0.034630000591278076,0.027950000017881393,0.028860000893473625,0.029600000008940697,15223871,0.029600000008940697,2017-11-20
1511222400,0.029650000855326653,0.027860000729560852,0.029079999774694443,0.028349999338388443,5831908,0.028349999338388443,2017-11-21
1511308800,0.029069999232888222,0.02807999961078167,0.02882000058889389,0.02865999937057495,4932038,0.02865999937057495,2017-11-22
1511395200,0.028049999848008156,0.026680000126361847,0.027809999883174896,0.027410000562667847,5086597,0.027410000562667847,2017-11-23
1511481600,0.028459999710321426,0.027060000225901604,0.028049999848008156,0.028209999203681946,5231091,0.028209999203681946,2017-11-24
1511568000,0.03152000159025192,0.029589999467134476,0.03012000024318695,0.030470000579953194,6172902,0.030470000579953194,2017-11-25
1511654400,0.0391400009393692,0.03158999979496002,0.032430000603199005,0.03652999922633171,30072058,0.03652999922633171,2017-11-26
1511740800,0.057909999042749405,0.03660000115633011,0.038350000977516174,0.05042000114917755,77817725,0.05042000114917755,2017-11-27
1511827200,0.16609999537467957,0.048340000212192535,0.051020000129938126,0.11940000206232071,273645160,0.11940000206232071,2017-11-28
1511913600,0.14339999854564667,0.08056999742984772,0.12039999663829803,0.08912999927997589,151626040,0.08912999927997589,2017-11-29
1512000000,0.12929999828338623,0.08962000161409378,0.09150999784469604,0.11879999935626984,109840664,0.11879999935626984,2017-11-30
1512086400,0.13850000500679016,0.12439999729394913,0.12970000505447388,0.13369999825954437,54048800,0.13369999825954437,2017-12-01
1512172800,0.13740000128746033,0.12880000472068787,0.13249999284744263,0.13189999759197235,40717082,0.13189999759197235,2017-12-02
1512259200,0.13650000095367432,0.12540000677108765,0.13600000739097595,0.13179999589920044,33306006,0.13179999589920044,2017-12-03
1512345600,0.15360000729560852,0.1281999945640564,0.1362999975681305,0.1348000019788742,52827772,0.1348000019788742,2017-12-04
1512432000,0.13670000433921814,0.12430000305175781,0.13529999554157257,0.12470000237226486,30132361,0.12470000237226486,2017-12-05
1512518400,0.14990000426769257,0.11590000241994858,0.14749999344348907,0.11710000038146973,49467052,0.11710000038146973,2017-12-06
1512604800,0.15569999814033508,0.10140000283718109,0.14339999854564667,0.10159999877214432,39122435,0.10159999877214432,2017-12-07
1512691200,0.12630000710487366,0.08986999839544296,0.09804999828338623,0.11389999836683273,47265876,0.11389999836683273,2017-12-08
1512777600,0.13940000534057617,0.10170000046491623,0.10520000010728836,0.11800000071525574,39331221,0.11800000071525574,2017-12-09
1512864000,0.12470000237226486,0.10239999741315842,0.11900000274181366,0.10840000212192535,26245922,0.10840000212192535,2017-12-10
1512950400,0.12280000001192093,0.10890000313520432,0.12060000002384186,0.11959999799728394,23059422,0.11959999799728394,2017-12-11
1513036800,0.1362999975681305,0.11620000004768372,0.121799997985363,0.1324000060558319,36258887,0.1324000060558319,2017-12-12
1513123200,0.13760000467300415,0.11940000206232071,0.12800000607967377,0.13259999454021454,38422224,0.13259999454021454,2017-12-13
1513209600,0.23680000007152557,0.12929999828338623,0.13369999825954437,0.23399999737739563,196940003,0.23399999737739563,2017-12-14
1513296000,0.2515999972820282,0.17059999704360962,0.25029999017715454,0.2126999944448471,178902703,0.2126999944448471,2017-12-15
1513382400,0.4523000121116638,0.21979999542236328,0.23350000381469727,0.398499995470047,457647166,0.398499995470047,2017-12-16
1513468800,0.5684999823570251,0.3652999997138977,0.39259999990463257,0.48159998655319214,435859337,0.48159998655319214,2017-12-17
1513555200,0.531000018119812,0.46480000019073486,0.48019999265670776,0.5288000106811523,238051691,0.5288000106811523,2017-12-18
1513641600,0.5756999850273132,0.4772000014781952,0.48980000615119934,0.5228999853134155,233226448,0.5228999853134155,2017-12-19
1513728000,0.5008000135421753,0.41670000553131104,0.4909000098705292,0.48579999804496765,158607139,0.48579999804496765,2017-12-20
1513814400,0.4896000027656555,0.44269999861717224,0.461899995803833,0.4745999872684479,138366560,0.4745999872684479,2017-12-21
1513900800,0.4205999970436096,0.33629998564720154,0.414900004863739,0.4041999876499176,123957960,0.4041999876499176,2017-12-22
1513987200,0.43290001153945923,0.40400001406669617,0.4260999858379364,0.40860000252723694,74066612,0.40860000252723694,2017-12-23
1514073600,0.3919999897480011,0.3743000030517578,0.391400009393692,0.38269999623298645,57930569,0.38269999623298645,2017-12-24
1514160000,0.4320000112056732,0.36230000853538513,0.38190001249313354,0.4099000096321106,104095838,0.4099000096321106,2017-12-25
1514246400,0.46700000762939453,0.39959999918937683,0.4668999910354614,0.4253000020980835,84055614,0.4253000020980835,2017-12-26
1514332800,0.4259999990463257,0.39480000734329224,0.41609999537467957,0.4090000092983246,72048966,0.4090000092983246,2017-12-27
1514419200,0.420199990272522,0.3702999949455261,0.38199999928474426,0.4075999855995178,71546704,0.4075999855995178,2017-12-28
1514505600,0.5591999888420105,0.3991999924182892,0.4074999988079071,0.5217000246047974,214076616,0.5217000246047974,2017-12-29
1514592000,0.694100022315979,0.41999998688697815,0.49549999833106995,0.5899999737739563,14016860,0.5899999737739563,2017-12-30
1514678400,0.7400000095367432,0.5899999737739563,0.5899999737739563,0.7099999785423279,8971147,0.7099999785423279,2017-12-31
1514764800,0.7149999737739563,0.6320000290870667,0.7099999785423279,0.7021999955177307,9403559,0.7021999955177307,2018-01-01
1514851200,0.800000011920929,0.675000011920929,0.7021999955177307,0.7620000243186951,6292466,0.7620000243186951,2018-01-02
1514937600,1.100000023841858,0.7601000070571899,0.7620000243186951,1.100000023841858,15269923,1.100000023841858,2018-01-03
1515024000,1.3799999952316284,1.0399999618530273,1.1100000143051147,1.1299999952316284,14721109,1.1299999952316284,2018-01-04
1515110400,1.2999999523162842,0.8999999761581421,1.149999976158142,1.0099999904632568,14616848,1.0099999904632568,2018-01-05
1515196800,1.0800000429153442,0.9079999923706055,1.0099999904632568,1.0399999618530273,7036404,1.0399999618530273,2018-01-06
1515283200,1.0499999523162842,0.9789999723434448,1.0299999713897705,1.0099999904632568,3741344,1.0099999904632568,2018-01-07
1515369600,1.0199999809265137,0.7358999848365784,1.0099999904632568,0.8999999761581421,6765036,0.8999999761581421,2018-01-08
1515456000,0.9539999961853027,0.7720000147819519,0.8999999761581421,0.8100000023841858,4729859,0.8100000023841858,2018-01-09
1515542400,0.8292999863624573,0.6559000015258789,0.8100000023841858,0.7764999866485596,6665172,0.7764999866485596,2018-01-10
1515628800,0.7829999923706055,0.5099999904632568,0.7799999713897705,0.6800000071525574,8794376,0.6800000071525574,2018-01-11
1515715200,0.9300000071525574,0.6309999823570251,0.6790000200271606,0.8949999809265137,7945692,0.8949999809265137,2018-01-12
1515801600,0.9589999914169312,0.8328999876976013,0.8982999920845032,0.8790000081062317,6400745,0.8790000081062317,2018-01-13
1515888000,0.8899999856948853,0.7200000286102295,0.8790000081062317,0.800000011920929,5461450,0.800000011920929,2018-01-14
1515974400,0.866599977016449,0.75,0.800000011920929,0.7699999809265137,3956914,0.7699999809265137,2018-01-15
1516060800,0.795199990272522,0.44999998807907104,0.7724000215530396,0.6100000143051147,14442780,0.6100000143051147,2018-01-16
1516147200,0.683899998664856,0.4339999854564667,0.6000000238418579,0.6241999864578247,15237720,0.6241999864578247,2018-01-17
1516233600,0.6995999813079834,0.6000000238418579,0.625,0.6499999761581421,2108397,0.6499999761581421,2018-01-18
1516320000,0.696399986743927,0.5889999866485596,0.6499999761581421,0.64410001039505,5750844,0.64410001039505,2018-01-19
1516406400,0.7263000011444092,0.6399999856948853,0.6478999853134155,0.704800009727478,3820240,0.704800009727478,2018-01-20
1516492800,0.7049000263214111,0.5764999985694885,0.7049000263214111,0.6100000143051147,4988683,0.6100000143051147,2018-01-21
1516579200,0.6399999856948853,0.5099999904632568,0.6165000200271606,0.5674999952316284,4726783,0.5674999952316284,2018-01-22
1516665600,0.5899999737739563,0.5166000127792358,0.5698999762535095,0.5601000189781189,3765169,0.5601000189781189,2018-01-23
1516752000,0.6499999761581421,0.5370000004768372,0.5619000196456909,0.628000020980835,4050649,0.628000020980835,2018-01-24
1516838400,0.6850000023841858,0.6184999942779541,0.6299999952316284,0.6420000195503235,3864120,0.6420000195503235,2018-01-25
1516924800,0.6549999713897705,0.5609999895095825,0.6420000195503235,0.626800000667572,8406839,0.626800000667572,2018-01-26
1517011200,0.6420000195503235,0.5950000286102295,0.626800000667572,0.6212999820709229,2640804,0.6212999820709229,2018-01-27
1517097600,0.6700000166893005,0.613099992275238,0.6212999820709229,0.642300009727478,3194670,0.642300009727478,2018-01-28
1517184000,0.6464999914169312,0.5830000042915344,0.642300009727478,0.5910000205039978,2712202,0.5910000205039978,2018-01-29
1517270400,0.6029999852180481,0.5,0.5910000205039978,0.5099999904632568,4609867,0.5099999904632568,2018-01-30
1517356800,0.5170000195503235,0.46299999952316284,0.5135999917984009,0.5072000026702881,3069907,0.5072000026702881,2018-01-31
1517443200,0.5217999815940857,0.3869999945163727,0.5072000026702881,0.42170000076293945,4524656,0.42170000076293945,2018-02-01
1517529600,0.42170000076293945,0.29580000042915344,0.42170000076293945,0.40470001101493835,11368745,0.40470001101493835,2018-02-02
1517616000,0.5184999704360962,0.34529998898506165,0.4000000059604645,0.46399998664855957,6971494,0.46399998664855957,2018-02-03
1517702400,0.4880000054836273,0.36399999260902405,0.46399998664855957,0.38199999928474426,17107431,0.38199999928474426,2018-02-04
1517788800,0.3962000012397766,0.2915000021457672,0.38199999928474426,0.31700000166893005,9493848,0.31700000166893005,2018-02-05
1517875200,0.373199999332428,0.2612000107765198,0.31700000166893005,0.35899999737739563,12659288,0.35899999737739563,2018-02-06
1517961600,0.3799999952316284,0.3179999887943268,0.35899999737739563,0.3310000002384186,8234163,0.3310000002384186,2018-02-07
1518048000,0.3610000014305115,0.3179999887943268,0.3310000002384186,0.3449000120162964,4887107,0.3449000120162964,2018-02-08
1518134400,0.38600000739097595,0.3199999928474426,0.3449999988079071,0.3790000081062317,4655595,0.3790000081062317,2018-02-09
1518220800,0.43860000371932983,0.3580000102519989,0.3790000081062317,0.38100001215934753,11886451,0.38100001215934753,2018-02-10
1518307200,0.38100001215934753,0.3400000035762787,0.38100001215934753,0.34880000352859497,4366709,0.34880000352859497,2018-02-11
1518393600,0.382999986410141,0.34880000352859497,0.34880000352859497,0.3709999918937683,2552983,0.3709999918937683,2018-02-12
1518480000,0.37400001287460327,0.34200000762939453,0.37130001187324524,0.3578000068664551,1790268,0.3578000068664551,2018-02-13
1518566400,0.3950999975204468,0.3499999940395355,0.3578000068664551,0.3930000066757202,4851562,0.3930000066757202,2018-02-14
1518652800,0.4043999910354614,0.3700000047683716,0.3930000066757202,0.38999998569488525,3806042,0.38999998569488525,2018-02-15
1518739200,0.39500001072883606,0.37040001153945923,0.3889999985694885,0.38999998569488525,2584705,0.38999998569488525,2018-02-16
1518825600,0.4185999929904938,0.3853999972343445,0.38999998569488525,0.4099999964237213,4047992,0.4099999964237213,2018-02-17
1518912000,0.41019999980926514,0.36000001430511475,0.4099999964237213,0.36000001430511475,4440011,0.36000001430511475,2018-02-18
1518998400,0.3865000009536743,0.36000001430511475,0.36000001430511475,0.375,2106787,0.375,2018-02-19
1519084800,0.3871999979019165,0.34369999170303345,0.3758000135421753,0.34599998593330383,2886435,0.34599998593330383,2018-02-20
1519171200,0.35499998927116394,0.32499998807907104,0.3449999988079071,0.3328000009059906,2574378,0.3328000009059906,2018-02-21
1519257600,0.3476000130176544,0.30399999022483826,0.3328000009059906,0.3100000023841858,1913250,0.3100000023841858,2018-02-22
1519344000,0.3366999924182892,0.2996000051498413,0.3100000023841858,0.3239000141620636,1737682,0.3239000141620636,2018-02-23
1519430400,0.3296000063419342,0.289000004529953,0.3239000141620636,0.29679998755455017,1529634,0.29679998755455017,2018-02-24
1519516800,0.336899995803833,0.2948000133037567,0.30000001192092896,0.323199987411499,1928435,0.323199987411499,2018-02-25
1519603200,0.33169999718666077,0.3027999997138977,0.323199987411499,0.32339999079704285,1894921,0.32339999079704285,2018-02-26
1519689600,0.33489999175071716,0.3176000118255615,0.32339999079704285,0.328000009059906,1216716,0.328000009059906,2018-02-27
1519776000,0.33219999074935913,0.3009999990463257,0.328000009059906,0.30379998683929443,1358702,0.30379998683929443,2018-02-28
1519862400,0.3102000057697296,0.2824000120162964,0.3025999963283539,0.30000001192092896,2403187,0.30000001192092896,2018-03-01
1519948800,0.30329999327659607,0.2842000126838684,0.30000001192092896,0.2890999913215637,1543670,0.2890999913215637,2018-03-02
1520035200,0.30559998750686646,0.2881999909877777,0.2890999913215637,0.2924000024795532,1249523,0.2924000024795532,2018-03-03
1520121600,0.30300000309944153,0.28299999237060547,0.2924000024795532,0.30000001192092896,1216450,0.30000001192092896,2018-03-04
1520208000,0.3192000091075897,0.2888000011444092,0.30000001192092896,0.29499998688697815,1680221,0.29499998688697815,2018-03-05
1520294400,0.29899999499320984,0.27639999985694885,0.29339998960494995,0.2770000100135803,1894339,0.2770000100135803,2018-03-06
1520380800,0.28290000557899475,0.22499999403953552,0.2770000100135803,0.24009999632835388,2324290,0.24009999632835388,2018-03-07
1520467200,0.24779999256134033,0.210999995470047,0.24009999632835388,0.21250000596046448,1899731,0.21250000596046448,2018-03-08
1520553600,0.21799999475479126,0.18299999833106995,0.21250000596046448,0.21570000052452087,2351613,0.21570000052452087,2018-03-09
1520640000,0.22220000624656677,0.19589999318122864,0.21570000052452087,0.20029999315738678,2041925,0.20029999315738678,2018-03-10
1520726400,0.22280000150203705,0.18960000574588776,0.20029999315738678,0.21899999678134918,1654913,0.21899999678134918,2018-03-11
1520812800,0.23250000178813934,0.20880000293254852,0.21889999508857727,0.21799999475479126,2344672,0.21799999475479126,2018-03-12
1520899200,0.22499999403953552,0.20999999344348907,0.21799999475479126,0.21739999949932098,948464,0.21739999949932098,2018-03-13
1520985600,0.22949999570846558,0.18629999458789825,0.21739999949932098,0.19329999387264252,2039418,0.19329999387264252,2018-03-14
1521072000,0.19699999690055847,0.1671999990940094,0.19329999387264252,0.18369999527931213,2538075,0.18369999527931213,2018-03-15
1521158400,0.18369999527931213,0.17100000381469727,0.18369999527931213,0.17409999668598175,2151653,0.17409999668598175,2018-03-16
1521244800,0.17739999294281006,0.15000000596046448,0.17409999668598175,0.15000000596046448,1423569,0.15000000596046448,2018-03-17
1521331200,0.16500000655651093,0.12330000102519989,0.15199999511241913,0.1550000011920929,5398142,0.1550000011920929,2018-03-18
1521417600,0.1899999976158142,0.15299999713897705,0.1535000056028366,0.1899999976158142,6906206,0.1899999976158142,2018-03-19
1521504000,0.21140000224113464,0.17470000684261322,0.19050000607967377,0.1988999992609024,4338367,0.1988999992609024,2018-03-20
1521590400,0.2240000069141388,0.19689999520778656,0.1988999992609024,0.20749999582767487,4530665,0.20749999582767487,2018-03-21
1521676800,0.21690000593662262,0.18520000576972961,0.20759999752044678,0.19910000264644623,5063495,0.19910000264644623,2018-03-22
1521763200,0.19850000739097595,0.17970000207424164,0.19850000739097595,0.1882999986410141,2807868,0.1882999986410141,2018-03-23
1521849600,0.20200000703334808,0.1809999942779541,0.18850000202655792,0.18559999763965607,3789451,0.18559999763965607,2018-03-24
1521936000,0.18880000710487366,0.18000000715255737,0.18559999763965607,0.18359999358654022,1246302,0.18359999358654022,2018-03-25
1522018800,0.18410000205039978,0.1559000015258789,0.18359999358654022,0.16519999504089355,2910211,0.16519999504089355,2018-03-25
1522105200,0.16689999401569366,0.14730000495910645,0.16519999504089355,0.15209999680519104,1941446,0.15209999680519104,2018-03-26
1522191600,0.16220000386238098,0.15189999341964722,0.15209999680519104,0.1582999974489212,1212852,0.1582999974489212,2018-03-27
1522278000,0.1598999947309494,0.14030000567436218,0.1582999974489212,0.14270000159740448,2764011,0.14270000159740448,2018-03-28
1522364400,0.15000000596046448,0.13210000097751617,0.14270000159740448,0.14390000700950623,2098386,0.14390000700950623,2018-03-29
1522450800,0.1582999974489212,0.13930000364780426,0.14390000700950623,0.15039999783039093,1542939,0.15039999783039093,2018-03-30
1522537200,0.15710000693798065,0.1378999948501587,0.15039999783039093,0.14820000529289246,1587130,0.14820000529289246,2018-03-31
1522623600,0.15620000660419464,0.14589999616146088,0.14820000529289246,0.15279999375343323,1095738,0.15279999375343323,2018-04-01
1522710000,0.17110000550746918,0.15189999341964722,0.1527000069618225,0.16979999840259552,3359534,0.16979999840259552,2018-04-02
1522796400,0.17659999430179596,0.14839999377727509,0.17059999704360962,0.15199999511241913,5069040,0.15199999511241913,2018-04-03
1522882800,0.15569999814033508,0.14000000059604645,0.15160000324249268,0.14589999616146088,1963410,0.14589999616146088,2018-04-04
1522969200,0.14890000224113464,0.14000000059604645,0.14710000157356262,0.14180000126361847,1522845,0.14180000126361847,2018-04-05
1523055600,0.15080000460147858,0.14110000431537628,0.14180000126361847,0.14579999446868896,2274792,0.14579999446868896,2018-04-06
1523142000,0.15870000422000885,0.14579999446868896,0.14579999446868896,0.1565999984741211,1083919,0.1565999984741211,2018-04-07
1523228400,0.16580000519752502,0.1445000022649765,0.1565999984741211,0.15000000596046448,4117378,0.15000000596046448,2018-04-08
1523314800,0.15780000388622284,0.1462000012397766,0.15000000596046448,0.15559999644756317,977217,0.15559999644756317,2018-04-09
1523401200,0.16859999299049377,0.15240000188350677,0.15559999644756317,0.16670000553131104,2917790,0.16670000553131104,2018-04-10
1523487600,0.22100000083446503,0.16339999437332153,0.16670000553131104,0.21660000085830688,9427755,0.21660000085830688,2018-04-11
1523574000,0.22429999709129333,0.19539999961853027,0.21649999916553497,0.20020000636577606,7101712,0.20020000636577606,2018-04-12
1523660400,0.2142000049352646,0.19619999825954437,0.20020000636577606,0.2046000063419342,2746195,0.2046000063419342,2018-04-13
1523746800,0.23489999771118164,0.20399999618530273,0.2046000063419342,0.2272000014781952,3689618,0.2272000014781952,2018-04-14
1523833200,0.2590999901294708,0.21140000224113464,0.2272000014781952,0.25769999623298645,9917913,0.25769999623298645,2018-04-15
1523919600,0.2752000093460083,0.2418999969959259,0.25769999623298645,0.2418999969959259,10645985,0.2418999969959259,2018-04-16
1524006000,0.2646999955177307,0.24160000681877136,0.2418999969959259,0.2630999982357025,2369562,0.2630999982357025,2018-04-17
1524092400,0.27549999952316284,0.25940001010894775,0.2630999982357025,0.2718000113964081,4093137,0.2718000113964081,2018-04-18
1524178800,0.3102000057697296,0.2667999863624573,0.26919999718666077,0.3018999993801117,6426070,0.3018999993801117,2018-04-19
1524265200,0.3075000047683716,0.26809999346733093,0.3019999861717224,0.28519999980926514,5947149,0.28519999980926514,2018-04-20
1524351600,0.29649999737739563,0.2754000127315521,0.28519999980926514,0.2800999879837036,3401432,0.2800999879837036,2018-04-21
1524438000,0.2896000146865845,0.2800000011920929,0.28279998898506165,0.2892000079154968,1732842,0.2892000079154968,2018-04-22
1524524400,0.32019999623298645,0.2833000123500824,0.2890999913215637,0.30809998512268066,5824894,0.30809998512268066,2018-04-23
1524610800,0.31119999289512634,0.26010000705718994,0.31040000915527344,0.27079999446868896,7422755,0.27079999446868896,2018-04-24
1524697200,0.2939000129699707,0.25619998574256897,0.27079999446868896,0.29330000281333923,3446762,0.29330000281333923,2018-04-25
1524783600,0.3059999942779541,0.2840999960899353,0.29330000281333923,0.2851000130176544,4172989,0.2851000130176544,2018-04-26
1524870000,0.3644999861717224,0.2809999883174896,0.2851000130176544,0.35679998993873596,8962774,0.35679998993873596,2018-04-27
1524956400,0.38839998841285706,0.34139999747276306,0.35589998960494995,0.362199991941452,8366233,0.362199991941452,2018-04-28
1525042800,0.36500000953674316,0.33070001006126404,0.362199991941452,0.33820000290870667,5561625,0.33820000290870667,2018-04-29
1525129200,0.3605000078678131,0.3183000087738037,0.3382999897003174,0.3571000099182129,5214682,0.3571000099182129,2018-04-30
1525215600,0.37630000710487366,0.3465999960899353,0.3555999994277954,0.37049999833106995,2663078,0.37049999833106995,2018-05-01
1525302000,0.3882000148296356,0.36500000953674316,0.37049999833106995,0.36719998717308044,3215050,0.36719998717308044,2018-05-02
1525388400,0.3686999976634979,0.34619998931884766,0.36719998717308044,0.3571999967098236,3384128,0.3571999967098236,2018-05-03
1525474800,0.375,0.3571999967098236,0.3571999967098236,0.3637999892234802,1835429,0.3637999892234802,2018-05-04
1525561200,0.367000013589859,0.335999995470047,0.3637999892234802,0.3450999855995178,3575432,0.3450999855995178,2018-05-05
1525647600,0.34940001368522644,0.3142000138759613,0.34860000014305115,0.3325999975204468,2893725,0.3325999975204468,2018-05-06
1525734000,0.3449000120162964,0.31610000133514404,0.3325999975204468,0.32260000705718994,1987029,0.32260000705718994,2018-05-07
1525820400,0.3249000012874603,0.29670000076293945,0.32260000705718994,0.3190000057220459,2640164,0.3190000057220459,2018-05-08
1525906800,0.32350000739097595,0.29030001163482666,0.3190000057220459,0.2922999858856201,2190992,0.2922999858856201,2018-05-09
1525993200,0.2939000129699707,0.24789999425411224,0.2922999858856201,0.25699999928474426,6436946,0.25699999928474426,2018-05-10
1526079600,0.27900001406669617,0.23309999704360962,0.25699999928474426,0.2621999979019165,4174992,0.2621999979019165,2018-05-11
1526166000,0.28450000286102295,0.25699999928474426,0.2621999979019165,0.27639999985694885,1955815,0.27639999985694885,2018-05-12
1526252400,0.27799999713897705,0.25049999356269836,0.27730000019073486,0.267300009727478,3238880,0.267300009727478,2018-05-13
1526338800,0.27570000290870667,0.25130000710487366,0.267300009727478,0.2556999921798706,1154681,0.2556999921798706,2018-05-14
1526425200,0.25529998540878296,0.23839999735355377,0.25360000133514404,0.2529999911785126,1583201,0.2529999911785126,2018-05-15
1526511600,0.2612000107765198,0.23800000548362732,0.2529999911785126,0.23999999463558197,1611671,0.23999999463558197,2018-05-16
1526598000,0.2524999976158142,0.23019999265670776,0.23999999463558197,0.2442999929189682,1240414,0.2442999929189682,2018-05-17
1526684400,0.24789999425411224,0.2353000044822693,0.2442999929189682,0.2410999983549118,623658,0.2410999983549118,2018-05-18
1526770800,0.26010000705718994,0.23839999735355377,0.2410999983549118,0.2554999887943268,1180651,0.2554999887943268,2018-05-19
1526857200,0.25999999046325684,0.24310000240802765,0.2554999887943268,0.2460000067949295,968287,0.2460000067949295,2018-05-20
1526943600,0.24729999899864197,0.21899999678134918,0.2460000067949295,0.22190000116825104,1688622,0.22190000116825104,2018-05-21
1527030000,0.22269999980926514,0.19280000030994415,0.22100000083446503,0.20000000298023224,3092881,0.20000000298023224,2018-05-22
1527116400,0.2110999971628189,0.18809999525547028,0.20000000298023224,0.2061000019311905,2692849,0.2061000019311905,2018-05-23
1527202800,0.2094999998807907,0.19110000133514404,0.20829999446868896,0.19859999418258667,1130683,0.19859999418258667,2018-05-24
1527289200,0.20469999313354492,0.1923999935388565,0.1987999975681305,0.19539999961853027,1161022,0.19539999961853027,2018-05-25
1527375600,0.1956000030040741,0.1835000067949295,0.19539999961853027,0.19359999895095825,959500,0.19359999895095825,2018-05-26
1527462000,0.19499999284744263,0.17110000550746918,0.19359999895095825,0.17350000143051147,1354353,0.17350000143051147,2018-05-27
1527548400,0.21469999849796295,0.17090000212192535,0.17180000245571136,0.20239999890327454,2594004,0.20239999890327454,2018-05-28
1527634800,0.2168000042438507,0.19629999995231628,0.20160000026226044,0.21089999377727509,2247960,0.21089999377727509,2018-05-29
1527721200,0.2282000035047531,0.20340000092983246,0.21089999377727509,0.22290000319480896,2278018,0.22290000319480896,2018-05-30
1527807600,0.22769999504089355,0.2142000049352646,0.22290000319480896,0.22030000388622284,1292241,0.22030000388622284,2018-05-31
1527894000,0.22939999401569366,0.2168000042438507,0.22030000388622284,0.22619999945163727,1188119,0.22619999945163727,2018-06-01
1527980400,0.2363000065088272,0.22059999406337738,0.22619999945163727,0.22599999606609344,1443692,0.22599999606609344,2018-06-02
1528066800,0.2313999980688095,0.20489999651908875,0.22599999606609344,0.21119999885559082,1635230,0.21119999885559082,2018-06-03
1528153200,0.22169999778270721,0.20239999890327454,0.21119999885559082,0.21809999644756317,2026229,0.21809999644756317,2018-06-04
1528239600,0.2198999971151352,0.20720000565052032,0.21809999644756317,0.21490000188350677,1560990,0.21490000188350677,2018-06-05
1528326000,0.21899999678134918,0.20489999651908875,0.21490000188350677,0.210099995136261,1284469,0.210099995136261,2018-06-06
1528412400,0.2110999971628189,0.20020000636577606,0.210099995136261,0.20499999821186066,1028562,0.20499999821186066,2018-06-07
1528498800,0.20970000326633453,0.20020000636577606,0.20499999821186066,0.2004999965429306,385347,0.2004999965429306,2018-06-08
1528585200,0.2004999965429306,0.16850000619888306,0.2004999965429306,0.1745000034570694,2714543,0.1745000034570694,2018-06-09
1528671600,0.18080000579357147,0.1648000031709671,0.17430000007152557,0.17949999868869781,1589223,0.17949999868869781,2018-06-10
1528758000,0.1809999942779541,0.1589999943971634,0.1785999983549118,0.16459999978542328,1658740,0.16459999978542328,2018-06-11
1528844400,0.1655000001192093,0.1459999978542328,0.16459999978542328,0.15919999778270721,1711454,0.15919999778270721,2018-06-12
1528930800,0.17479999363422394,0.14990000426769257,0.15690000355243683,0.17000000178813934,2554696,0.17000000178813934,2018-06-13
1529017200,0.17100000381469727,0.15950000286102295,0.17000000178813934,0.1606999933719635,868891,0.1606999933719635,2018-06-14
1529103600,0.1647000014781952,0.15780000388622284,0.1606999933719635,0.16200000047683716,544381,0.16200000047683716,2018-06-15
1529190000,0.16439999639987946,0.1599999964237213,0.16200000047683716,0.16009999811649323,283019,0.16009999811649323,2018-06-16
1529276400,0.16850000619888306,0.15569999814033508,0.16009999811649323,0.16429999470710754,910209,0.16429999470710754,2018-06-17
1529362800,0.17090000212192535,0.16120000183582306,0.16429999470710754,0.16580000519752502,1040703,0.16580000519752502,2018-06-18
1529449200,0.16689999401569366,0.156700000166893,0.16689999401569366,0.16210000216960907,1219764,0.16210000216960907,2018-06-19
1529535600,0.16349999606609344,0.15700000524520874,0.1615000069141388,0.15880000591278076,559349,0.15880000591278076,2018-06-20
1529622000,0.15919999778270721,0.1347000002861023,0.15880000591278076,0.13840000331401825,1668020,0.13840000331401825,2018-06-21
1529708400,0.1420000046491623,0.13339999318122864,0.13840000331401825,0.13729999959468842,636554,0.13729999959468842,2018-06-22
1529794800,0.1379999965429306,0.11959999799728394,0.13779999315738678,0.13050000369548798,1396590,0.13050000369548798,2018-06-23
1529881200,0.1386999934911728,0.1264999955892563,0.13050000369548798,0.1354999989271164,932408,0.1354999989271164,2018-06-24
1529967600,0.1356000006198883,0.125,0.1354999989271164,0.125,478322,0.125,2018-06-25
1530054000,0.12790000438690186,0.12300000339746475,0.125,0.12710000574588776,439238,0.12710000574588776,2018-06-26
1530140400,0.12870000302791595,0.11699999868869781,0.12710000574588776,0.1185000017285347,489681,0.1185000017285347,2018-06-27
1530226800,0.12680000066757202,0.11320000141859055,0.11860000342130661,0.12470000237226486,946429,0.12470000237226486,2018-06-28
1530313200,0.1437000036239624,0.12470000237226486,0.12470000237226486,0.13850000500679016,1699030,0.13850000500679016,2018-06-29
1530399600,0.14589999616146088,0.1331000030040741,0.13850000500679016,0.14249999821186066,926590,0.14249999821186066,2018-06-30
1530486000,0.15960000455379486,0.13760000467300415,0.14249999821186066,0.1535000056028366,2372276,0.1535000056028366,2018-07-01
1530572400,0.16099999845027924,0.14749999344348907,0.1535000056028366,0.14980000257492065,1635259,0.14980000257492065,2018-07-02
1530658800,0.15950000286102295,0.14560000598430634,0.14980000257492065,0.15109999477863312,1261253,0.15109999477863312,2018-07-03
1530745200,0.155799999833107,0.14300000667572021,0.15109999477863312,0.14800000190734863,1369781,0.14800000190734863,2018-07-04
1530831600,0.14749999344348907,0.13860000669956207,0.14749999344348907,0.1446000039577484,1125120,0.1446000039577484,2018-07-05
1530918000,0.148499995470047,0.13750000298023224,0.1446000039577484,0.148499995470047,644762,0.148499995470047,2018-07-06
1531004400,0.14949999749660492,0.14319999516010284,0.148499995470047,0.14509999752044678,652408,0.14509999752044678,2018-07-07
1531090800,0.14630000293254852,0.13920000195503235,0.14509999752044678,0.13920000195503235,554619,0.13920000195503235,2018-07-08
1531177200,0.14059999585151672,0.12680000066757202,0.13920000195503235,0.12800000607967377,1604756,0.12800000607967377,2018-07-09
1531263600,0.1340000033378601,0.12489999830722809,0.12800000607967377,0.13079999387264252,657459,0.13079999387264252,2018-07-10
1531350000,0.13099999725818634,0.12409999966621399,0.13079999387264252,0.1257999986410141,161469,0.1257999986410141,2018-07-11
1531436400,0.1257999986410141,0.1257999986410141,0.1257999986410141,0.1257999986410141,0,0.1257999986410141,2018-07-12
1531522800,0.1257999986410141,0.1257999986410141,0.1257999986410141,0.1257999986410141,0,0.1257999986410141,2018-07-13
1531609200,0.1257999986410141,0.1257999986410141,0.1257999986410141,0.1257999986410141,0,0.1257999986410141,2018-07-14
1531695600,0.1257999986410141,0.1257999986410141,0.1257999986410141,0.1257999986410141,0,0.1257999986410141,2018-07-15
1531782000,0.1257999986410141,0.1257999986410141,0.1257999986410141,0.1257999986410141,0,0.1257999986410141,2018-07-16
1531868400,0.1257999986410141,0.1257999986410141,0.1257999986410141,0.1257999986410141,0,0.1257999986410141,2018-07-17
1531954800,0.1257999986410141,0.1257999986410141,0.1257999986410141,0.1257999986410141,0,0.1257999986410141,2018-07-18
1532041200,0.1257999986410141,0.1257999986410141,0.1257999986410141,0.1257999986410141,0,0.1257999986410141,2018-07-19
1532127600,0.1257999986410141,0.1257999986410141,0.1257999986410141,0.1257999986410141,0,0.1257999986410141,2018-07-20
1532214000,0.1257999986410141,0.1257999986410141,0.1257999986410141,0.1257999986410141,0,0.1257999986410141,2018-07-21
1532300400,0.1257999986410141,0.1257999986410141,0.1257999986410141,0.1257999986410141,0,0.1257999986410141,2018-07-22
1532386800,0.1257999986410141,0.1257999986410141,0.1257999986410141,0.1257999986410141,0,0.1257999986410141,2018-07-23
1532473200,0.1257999986410141,0.1257999986410141,0.1257999986410141,0.1257999986410141,0,0.1257999986410141,2018-07-24
1532559600,0.1257999986410141,0.1257999986410141,0.1257999986410141,0.1257999986410141,0,0.1257999986410141,2018-07-25
1532646000,0.1257999986410141,0.1257999986410141,0.1257999986410141,0.1257999986410141,0,0.1257999986410141,2018-07-26
1532732400,0.1257999986410141,0.1257999986410141,0.1257999986410141,0.1257999986410141,0,0.1257999986410141,2018-07-27
1532818800,0.1257999986410141,0.1257999986410141,0.1257999986410141,0.1257999986410141,0,0.1257999986410141,2018-07-28
1532905200,0.1257999986410141,0.1257999986410141,0.1257999986410141,0.1257999986410141,0,0.1257999986410141,2018-07-29
1532991600,0.1257999986410141,0.1257999986410141,0.1257999986410141,0.1257999986410141,0,0.1257999986410141,2018-07-30
1533078000,0.1257999986410141,0.1257999986410141,0.1257999986410141,0.1257999986410141,0,0.1257999986410141,2018-07-31
1533164400,0.1257999986410141,0.1257999986410141,0.1257999986410141,0.1257999986410141,0,0.1257999986410141,2018-08-01
1533250800,0.1257999986410141,0.1257999986410141,0.1257999986410141,0.1257999986410141,0,0.1257999986410141,2018-08-02
1533337200,0.1257999986410141,0.1257999986410141,0.1257999986410141,0.1257999986410141,0,0.1257999986410141,2018-08-03
1533423600,0.1257999986410141,0.1257999986410141,0.1257999986410141,0.1257999986410141,0,0.1257999986410141,2018-08-04
1533510000,0.1257999986410141,0.1257999986410141,0.1257999986410141,0.1257999986410141,0,0.1257999986410141,2018-08-05
1533596400,0.1257999986410141,0.1257999986410141,0.1257999986410141,0.1257999986410141,0,0.1257999986410141,2018-08-06
1533682800,0.1257999986410141,0.1257999986410141,0.1257999986410141,0.1257999986410141,0,0.1257999986410141,2018-08-07
1533769200,0.1257999986410141,0.1257999986410141,0.1257999986410141,0.1257999986410141,0,0.1257999986410141,2018-08-08
1533855600,0.1257999986410141,0.1257999986410141,0.1257999986410141,0.1257999986410141,0,0.1257999986410141,2018-08-09
1533942000,0.1257999986410141,0.1257999986410141,0.1257999986410141,0.1257999986410141,0,0.1257999986410141,2018-08-10
1534028400,0.1257999986410141,0.1257999986410141,0.1257999986410141,0.1257999986410141,0,0.1257999986410141,2018-08-11
1534114800,0.1257999986410141,0.1257999986410141,0.1257999986410141,0.1257999986410141,0,0.1257999986410141,2018-08-12
1534201200,0.1257999986410141,0.1257999986410141,0.1257999986410141,0.1257999986410141,0,0.1257999986410141,2018-08-13
1534287600,0.1257999986410141,0.1257999986410141,0.1257999986410141,0.1257999986410141,0,0.1257999986410141,2018-08-14
1534374000,0.1257999986410141,0.1257999986410141,0.1257999986410141,0.1257999986410141,0,0.1257999986410141,2018-08-15
1534460400,0.1257999986410141,0.1257999986410141,0.1257999986410141,0.1257999986410141,0,0.1257999986410141,2018-08-16
1534546800,0.1257999986410141,0.1257999986410141,0.1257999986410141,0.1257999986410141,0,0.1257999986410141,2018-08-17
1534633200,0.1257999986410141,0.1257999986410141,0.1257999986410141,0.1257999986410141,0,0.1257999986410141,2018-08-18
1534719600,0.1257999986410141,0.1257999986410141,0.1257999986410141,0.1257999986410141,0,0.1257999986410141,2018-08-19
1534806000,0.1257999986410141,0.1257999986410141,0.1257999986410141,0.1257999986410141,0,0.1257999986410141,2018-08-20
1534892400,0.1257999986410141,0.09000000357627869,0.1257999986410141,0.09399999678134918,4523,0.09399999678134918,2018-08-21
1534978800,0.09399999678134918,0.08510000258684158,0.09399999678134918,0.09251999855041504,2485,0.09251999855041504,2018-08-22
1535065200,0.09449999779462814,0.08699999749660492,0.09251999855041504,0.09399999678134918,3295,0.09399999678134918,2018-08-23
1535151600,0.09949000179767609,0.09099999815225601,0.09399999678134918,0.09279999881982803,2909,0.09279999881982803,2018-08-24
1535238000,0.09949000179767609,0.09279999881982803,0.09279999881982803,0.09508000314235687,2497,0.09508000314235687,2018-08-25
1535324400,0.10000000149011612,0.09380000084638596,0.09508000314235687,0.09708999842405319,1793,0.09708999842405319,2018-08-26
1535410800,0.10949999839067459,0.09708999842405319,0.09708999842405319,0.10540000349283218,8041,0.10540000349283218,2018-08-27
1535497200,0.10899999737739563,0.10130000114440918,0.1054999977350235,0.10599999874830246,10581,0.10599999874830246,2018-08-28
1535583600,0.10899999737739563,0.09799999743700027,0.10599999874830246,0.10100000351667404,7596,0.10100000351667404,2018-08-29
1535670000,0.10419999808073044,0.09844999760389328,0.10100000351667404,0.1039000004529953,3514,0.1039000004529953,2018-08-30
1535756400,0.1120000034570694,0.1014999970793724,0.1039000004529953,0.10980000346899033,13236,0.10980000346899033,2018-08-31
1535842800,0.10980000346899033,0.10339999943971634,0.10980000346899033,0.10599999874830246,11131,0.10599999874830246,2018-09-01
1535929200,0.10700000077486038,0.10360000282526016,0.10599999874830246,0.10480000078678131,7292,0.10480000078678131,2018-09-02
1536015600,0.10890000313520432,0.10400000214576721,0.10480000078678131,0.1080000028014183,8834,0.1080000028014183,2018-09-03
1536102000,0.1080000028014183,0.08749999850988388,0.1080000028014183,0.08749999850988388,13284,0.08749999850988388,2018-09-04
1536188400,0.09000000357627869,0.08399999886751175,0.08749999850988388,0.08799999952316284,9195,0.08799999952316284,2018-09-05
1536274800,0.09700000286102295,0.08500000089406967,0.08799999952316284,0.08540000021457672,4924,0.08540000021457672,2018-09-06
1536361200,0.08824999630451202,0.07919999957084656,0.08540000021457672,0.0794999971985817,9651,0.0794999971985817,2018-09-07
1536447600,0.08460000157356262,0.07717999815940857,0.0794999971985817,0.08034999668598175,3952,0.08034999668598175,2018-09-08
1536534000,0.08250000327825546,0.07421000301837921,0.08034999668598175,0.07500000298023224,6042,0.07500000298023224,2018-09-09
1536620400,0.0794999971985817,0.06832999736070633,0.07500000298023224,0.0695199966430664,3027,0.0695199966430664,2018-09-10
1536706800,0.07249999791383743,0.06109999865293503,0.0695199966430664,0.06588000059127808,9619,0.06588000059127808,2018-09-11
1536793200,0.07500000298023224,0.06300000101327896,0.06599999964237213,0.07128000259399414,8693,0.07128000259399414,2018-09-12
1536879600,0.07199999690055847,0.06499999761581421,0.07128000259399414,0.06964000314474106,6618,0.06964000314474106,2018-09-13
1536966000,0.07180000096559525,0.06718000024557114,0.06964000314474106,0.06985999643802643,2136,0.06985999643802643,2018-09-14
1537052400,0.07440000027418137,0.06881000101566315,0.06985999643802643,0.06984999775886536,13124,0.06984999775886536,2018-09-15
1537138800,0.0723399966955185,0.06440000236034393,0.06984999775886536,0.06599999964237213,3556,0.06599999964237213,2018-09-16
1537225200,0.07680000364780426,0.06440000236034393,0.06599999964237213,0.0714000016450882,7396,0.0714000016450882,2018-09-17
1537311600,0.07500000298023224,0.06859999895095825,0.0714000016450882,0.0727899968624115,8294,0.0727899968624115,2018-09-18
1537398000,0.08299999684095383,0.07106000185012817,0.07128000259399414,0.0800200030207634,9097,0.0800200030207634,2018-09-19
1537484400,0.08824999630451202,0.07300999760627747,0.0800200030207634,0.08789999783039093,21475,0.08789999783039093,2018-09-20
1537570800,0.08799999952316284,0.0800200030207634,0.08789999783039093,0.08299999684095383,4719,0.08299999684095383,2018-09-21
1537657200,0.09489999711513519,0.08299999684095383,0.08299999684095383,0.08906999975442886,19695,0.08906999975442886,2018-09-22
1537743600,0.09350000321865082,0.08290000259876251,0.08906999975442886,0.08299999684095383,12048,0.08299999684095383,2018-09-23
1537830000,0.08470000326633453,0.07500000298023224,0.08299999684095383,0.08100000023841858,10673,0.08100000023841858,2018-09-24
1537916400,0.08489999920129776,0.07410000264644623,0.08100000023841858,0.07999999821186066,10250,0.07999999821186066,2018-09-25
1538002800,0.09000000357627869,0.07852999866008759,0.07999999821186066,0.08748999983072281,23631,0.08748999983072281,2018-09-26
1538089200,0.09000000357627869,0.08299999684095383,0.08748999983072281,0.08399999886751175,11859,0.08399999886751175,2018-09-27
1538175600,0.08900000154972076,0.07909999787807465,0.08399999886751175,0.08528000116348267,15474,0.08528000116348267,2018-09-28
1538262000,0.08799999952316284,0.08100999891757965,0.08609999716281891,0.08460000157356262,20815,0.08460000157356262,2018-09-29
1538348400,0.09000000357627869,0.0830800011754036,0.08460000157356262,0.0860000029206276,27737,0.0860000029206276,2018-09-30
1538434800,0.08810000121593475,0.08229999989271164,0.0860000029206276,0.08429999649524689,14525,0.08429999649524689,2018-10-01
1538521200,0.08487000316381454,0.0789399966597557,0.08487000316381454,0.08139000087976456,42379,0.08139000087976456,2018-10-02
1538607600,0.08546999841928482,0.08093000203371048,0.08139000087976456,0.0817599967122078,86113,0.0817599967122078,2018-10-03
1538694000,0.08417999744415283,0.08009999990463257,0.0817599967122078,0.08357000350952148,124123,0.08357000350952148,2018-10-04
1538780400,0.08483999967575073,0.08071999996900558,0.08357000350952148,0.08128999918699265,97980,0.08128999918699265,2018-10-05
1538866800,0.0865899994969368,0.08025000244379044,0.08128999918699265,0.0846799984574318,134690,0.0846799984574318,2018-10-06
1538953200,0.08869999647140503,0.08121000230312347,0.0846799984574318,0.08676999807357788,231127,0.08676999807357788,2018-10-07
1539039600,0.08773999661207199,0.08422999829053879,0.08676999807357788,0.08629000186920166,146195,0.08629000186920166,2018-10-08
1539126000,0.08732999861240387,0.0829399973154068,0.08629000186920166,0.08553999662399292,152341,0.08553999662399292,2018-10-09
1539212400,0.08553999662399292,0.0692100003361702,0.08553999662399292,0.0700099989771843,496668,0.0700099989771843,2018-10-10
1539298800,0.07852999866008759,0.06882999837398529,0.0700099989771843,0.07281000167131424,178002,0.07281000167131424,2018-10-11
1539385200,0.07744000107049942,0.07142999768257141,0.07281000167131424,0.07513999938964844,103325,0.07513999938964844,2018-10-12
1539471600,0.07682999968528748,0.06778000295162201,0.07513999938964844,0.07037000358104706,117261,0.07037000358104706,2018-10-13
1539558000,0.07684999704360962,0.06880000233650208,0.07037000358104706,0.0734499990940094,512861,0.0734499990940094,2018-10-14
1539644400,0.08144000172615051,0.0726500004529953,0.0734499990940094,0.07498999685049057,165252,0.07498999685049057,2018-10-15
1539730800,0.07963000237941742,0.07430999726057053,0.07498999685049057,0.07666999846696854,209991,0.07666999846696854,2018-10-16
1539817200,0.07951000332832336,0.0727899968624115,0.07666999846696854,0.0744900032877922,160070,0.0744900032877922,2018-10-17
1539903600,0.07763999700546265,0.07304000109434128,0.0744900032877922,0.0754299983382225,100907,0.0754299983382225,2018-10-18
1539990000,0.07918000221252441,0.07428000122308731,0.0754299983382225,0.07693000137805939,162160,0.07693000137805939,2018-10-19
1540076400,0.07920999825000763,0.07553000003099442,0.07693000137805939,0.07587999850511551,68955,0.07587999850511551,2018-10-20
1540162800,0.07846999913454056,0.07417000085115433,0.07587999850511551,0.07591000199317932,69382,0.07591000199317932,2018-10-21
1540249200,0.07760000228881836,0.07050000131130219,0.07579000294208527,0.07412000000476837,148949,0.07412000000476837,2018-10-22
1540335600,0.07686000317335129,0.07354000210762024,0.07412000000476837,0.07377000153064728,109567,0.07377000153064728,2018-10-23
1540422000,0.07620999962091446,0.07295999675989151,0.07377000153064728,0.07382000237703323,96200,0.07382000237703323,2018-10-24
1540508400,0.07596000283956528,0.07204999774694443,0.07382000237703323,0.07399000227451324,84186,0.07399000227451324,2018-10-25
1540594800,0.07596000283956528,0.07287000119686127,0.07399000227451324,0.07444000244140625,51545,0.07444000244140625,2018-10-26
1540681200,0.07558999955654144,0.07248999923467636,0.07444000244140625,0.07334999740123749,41819,0.07334999740123749,2018-10-27
1540771200,0.07474999874830246,0.06847000122070312,0.07334999740123749,0.06983999907970428,274167,0.06983999907970428,2018-10-29
1540857600,0.0767500028014183,0.06882999837398529,0.06983999907970428,0.06985999643802643,127104,0.06985999643802643,2018-10-30
1540944000,0.07193999737501144,0.06782999634742737,0.06985999643802643,0.06998000293970108,116289,0.06998000293970108,2018-10-31
1541030400,0.07215999811887741,0.06930000334978104,0.06998000293970108,0.07171999663114548,55502,0.07171999663114548,2018-11-01
1541116800,0.0738999992609024,0.07055000215768814,0.07171999663114548,0.0730699971318245,120672,0.0730699971318245,2018-11-02
1541203200,0.07395999878644943,0.07044000178575516,0.0730699971318245,0.07272999733686447,100979,0.07272999733686447,2018-11-03
1541289600,0.07793000340461731,0.07117000222206116,0.07272999733686447,0.07774999737739563,487929,0.07774999737739563,2018-11-04
1541376000,0.07865999639034271,0.07466000318527222,0.07774999737739563,0.07633999735116959,192122,0.07633999735116959,2018-11-05
1541462400,0.08107999712228775,0.07633999735116959,0.07633999735116959,0.08077999949455261,338248,0.08077999949455261,2018-11-06
1541548800,0.08162999898195267,0.07718999683856964,0.08077999949455261,0.07862000167369843,287187,0.07862000167369843,2018-11-07
1541635200,0.07923000305891037,0.07608000189065933,0.07862000167369843,0.07626999914646149,295978,0.07626999914646149,2018-11-08
1541721600,0.0784199982881546,0.07328999787569046,0.07626999914646149,0.07413999736309052,195807,0.07413999736309052,2018-11-09
1541808000,0.07840999960899353,0.07346999645233154,0.07413999736309052,0.07506000250577927,116160,0.07506000250577927,2018-11-10
1541894400,0.07812000066041946,0.07417000085115433,0.07506000250577927,0.07643000036478043,276428,0.07643000036478043,2018-11-11
1541980800,0.07816000282764435,0.07415000349283218,0.07643000036478043,0.07610999792814255,95919,0.07610999792814255,2018-11-12
1542067200,0.07790999859571457,0.07255999743938446,0.07610999792814255,0.07350999861955643,261332,0.07350999861955643,2018-11-13
1542153600,0.07656999677419662,0.05894999951124191,0.07350999861955643,0.06327000260353088,881031,0.06327000260353088,2018-11-14
1542240000,0.06622999906539917,0.05592000111937523,0.06327000260353088,0.062780000269413,444557,0.062780000269413,2018-11-15
1542326400,0.06588999927043915,0.059209998697042465,0.062780000269413,0.06069000065326691,155187,0.06069000065326691,2018-11-16
1542412800,0.06322000175714493,0.05869999900460243,0.06069000065326691,0.06279999762773514,136301,0.06279999762773514,2018-11-17
1542499200,0.06519000232219696,0.0602400004863739,0.06279999762773514,0.06317999958992004,149771,0.06317999958992004,2018-11-18
1542585600,0.06948000192642212,0.05155999958515167,0.06317999958992004,0.05525999888777733,543026,0.05525999888777733,2018-11-19
1542672000,0.06013999879360199,0.0420599989593029,0.05525999888777733,0.04450000077486038,638243,0.04450000077486038,2018-11-20
1542758400,0.049479998648166656,0.043310001492500305,0.04481000080704689,0.047839999198913574,252386,0.047839999198913574,2018-11-21
1542844800,0.05082999914884567,0.044190000742673874,0.047839999198913574,0.044190000742673874,160880,0.044190000742673874,2018-11-22
1542931200,0.04594000056385994,0.041019998490810394,0.044190000742673874,0.04341999813914299,175179,0.04341999813914299,2018-11-23
1543017600,0.04558999836444855,0.03344999998807907,0.04341999813914299,0.03784000128507614,314472,0.03784000128507614,2018-11-24
1543104000,0.03830999881029129,0.02800999954342842,0.03593999892473221,0.03731999918818474,492144,0.03731999918818474,2018-11-25
1543190400,0.03895999863743782,0.032249998301267624,0.03731999918818474,0.03497999906539917,467808,0.03497999906539917,2018-11-26
1543276800,0.03666999936103821,0.031199999153614044,0.03497999906539917,0.03618999943137169,197429,0.03618999943137169,2018-11-27
1543363200,0.04786999896168709,0.03618999943137169,0.03618999943137169,0.04180999845266342,573006,0.04180999845266342,2018-11-28
1543449600,0.04495000094175339,0.03928999975323677,0.04180999845266342,0.041430000215768814,367421,0.041430000215768814,2018-11-29
1543536000,0.0428600013256073,0.03711999952793121,0.041430000215768814,0.03888000175356865,176985,0.03888000175356865,2018-11-30
1543622400,0.04464000090956688,0.0378200002014637,0.03888000175356865,0.041019998490810394,281376,0.041019998490810394,2018-12-01
1543708800,0.044039998203516006,0.03990999981760979,0.041019998490810394,0.041019998490810394,146190,0.041019998490810394,2018-12-02
1543795200,0.04197999835014343,0.03740999847650528,0.041019998490810394,0.03815000131726265,168797,0.03815000131726265,2018-12-03
1543881600,0.043540000915527344,0.03564000129699707,0.03815000131726265,0.03717000037431717,367128,0.03717000037431717,2018-12-04
1543968000,0.03855999931693077,0.03353000059723854,0.03717000037431717,0.033900000154972076,294381,0.033900000154972076,2018-12-05
1544054400,0.03743999823927879,0.030409999191761017,0.033900000154972076,0.030489999800920486,271580,0.030489999800920486,2018-12-06
1544140800,0.03398999944329262,0.026089999824762344,0.030489999800920486,0.029410000890493393,561377,0.029410000890493393,2018-12-07
1544227200,0.03164999932050705,0.02850000001490116,0.029410000890493393,0.030540000647306442,165154,0.030540000647306442,2018-12-08
1544313600,0.033330000936985016,0.029659999534487724,0.030540000647306442,0.03158000111579895,74319,0.03158000111579895,2018-12-09
1544400000,0.03206999972462654,0.029020000249147415,0.03158000111579895,0.029829999431967735,154271,0.029829999431967735,2018-12-10
1544486400,0.030910000205039978,0.02841000072658062,0.029829999431967735,0.0291300006210804,132078,0.0291300006210804,2018-12-11
1544572800,0.03178999945521355,0.028519999235868454,0.0291300006210804,0.03043000027537346,83308,0.03043000027537346,2018-12-12
1544659200,0.031849998980760574,0.02841000072658062,0.03043000027537346,0.028860000893473625,135841,0.028860000893473625,2018-12-13
1544745600,0.030300000682473183,0.027329999953508377,0.028860000893473625,0.029160000383853912,145760,0.029160000383853912,2018-12-14
1544832000,0.029440000653266907,0.02741999924182892,0.029160000383853912,0.027809999883174896,101541,0.027809999883174896,2018-12-15
1544918400,0.030740000307559967,0.02761000022292137,0.027809999883174896,0.02889000065624714,132700,0.02889000065624714,2018-12-16
1545004800,0.03448000177741051,0.028459999710321426,0.02889000065624714,0.032669998705387115,373130,0.032669998705387115,2018-12-17
1545091200,0.035190001130104065,0.03135000169277191,0.032669998705387115,0.034619998186826706,268580,0.034619998186826706,2018-12-18
1545177600,0.03894000127911568,0.03395000100135803,0.034619998186826706,0.03398999944329262,494059,0.03398999944329262,2018-12-19
1545264000,0.03996000066399574,0.03376999869942665,0.03398999944329262,0.03815000131726265,425854,0.03815000131726265,2018-12-20
1545350400,0.04493999853730202,0.03805999830365181,0.03815000131726265,0.04033000022172928,681193,0.04033000022172928,2018-12-21
1545436800,0.042149998247623444,0.03813000023365021,0.04033000022172928,0.04197999835014343,201945,0.04197999835014343,2018-12-22
1545523200,0.04479999840259552,0.04145999997854233,0.04197999835014343,0.0444599986076355,377977,0.0444599986076355,2018-12-23
1545609600,0.049570001661777496,0.0443900004029274,0.0444599986076355,0.04529000073671341,514355,0.04529000073671341,2018-12-24
1545696000,0.045579999685287476,0.03872999921441078,0.04529000073671341,0.04137999936938286,333739,0.04137999936938286,2018-12-25
1545782400,0.044110000133514404,0.03863999992609024,0.04137999936938286,0.04091000184416771,202972,0.04091000184416771,2018-12-26
1545868800,0.04174000024795532,0.035750001668930054,0.04091000184416771,0.03660999983549118,337237,0.03660999983549118,2018-12-27
1545955200,0.04301000013947487,0.03602999821305275,0.03660999983549118,0.04149999842047691,264671,0.04149999842047691,2018-12-28
1546041600,0.04461999982595444,0.04021000117063522,0.04149999842047691,0.04077000170946121,454702,0.04077000170946121,2018-12-29
1546128000,0.04422999918460846,0.03962000086903572,0.04077000170946121,0.04324999824166298,186938,0.04324999824166298,2018-12-30
1546214400,0.044520001858472824,0.03956000134348869,0.04324999824166298,0.04081999883055687,233711,0.04081999883055687,2018-12-31
1546300800,0.042729999870061874,0.03970000147819519,0.04081999883055687,0.04244999960064888,253788,0.04244999960064888,2019-01-01
1546387200,0.046950001269578934,0.04179999977350235,0.04244999960064888,0.04538999870419502,251561,0.04538999870419502,2019-01-02
1546473600,0.04538999870419502,0.042089998722076416,0.04538999870419502,0.0423399992287159,176764,0.0423399992287159,2019-01-03
1546560000,0.04490000009536743,0.04162000119686127,0.0423399992287159,0.04388999938964844,121322,0.04388999938964844,2019-01-04
1546646400,0.04625000059604645,0.04236000031232834,0.04388999938964844,0.04456000030040741,276709,0.04456000030040741,2019-01-05
1546732800,0.049949999898672104,0.04447999969124794,0.04456000030040741,0.0492900013923645,385540,0.0492900013923645,2019-01-06
1546819200,0.051169998943805695,0.047279998660087585,0.0492900013923645,0.047279998660087585,341846,0.047279998660087585,2019-01-07
1546905600,0.06757000088691711,0.046470001339912415,0.047279998660087585,0.04812999814748764,569574,0.04812999814748764,2019-01-08
1546992000,0.0531499981880188,0.04812999814748764,0.04812999814748764,0.05195000022649765,568388,0.05195000022649765,2019-01-09
1547078400,0.06305000185966492,0.04171999916434288,0.05195000022649765,0.044119998812675476,1424960,0.044119998812675476,2019-01-10
1547164800,0.04602999985218048,0.042100001126527786,0.044119998812675476,0.0435199998319149,406404,0.0435199998319149,2019-01-11
1547251200,0.045260000973939896,0.04224000126123428,0.0435199998319149,0.043379999697208405,377667,0.043379999697208405,2019-01-12
1547337600,0.04464000090956688,0.039170000702142715,0.043379999697208405,0.03971000015735626,265248,0.03971000015735626,2019-01-13
1547424000,0.044679999351501465,0.03971000015735626,0.03971000015735626,0.04399000108242035,377006,0.04399000108242035,2019-01-14
1547510400,0.04472000151872635,0.04139000177383423,0.04399000108242035,0.04213999956846237,195317,0.04213999956846237,2019-01-15
1547596800,0.04579000174999237,0.0420599989593029,0.04213999956846237,0.04433000087738037,304354,0.04433000087738037,2019-01-16
1547683200,0.0466499999165535,0.04343999922275543,0.04433000087738037,0.045170001685619354,269795,0.045170001685619354,2019-01-17
1547769600,0.046229999512434006,0.04320000112056732,0.045170001685619354,0.04408000037074089,109062,0.04408000037074089,2019-01-18
1547856000,0.0473800003528595,0.04337000101804733,0.04408000037074089,0.04554999992251396,159256,0.04554999992251396,2019-01-19
1547942400,0.047449998557567596,0.04179000109434128,0.04554999992251396,0.043049998581409454,453573,0.043049998581409454,2019-01-20
1548028800,0.045510001480579376,0.042100001126527786,0.043049998581409454,0.042660001665353775,318417,0.042660001665353775,2019-01-21
1548115200,0.04487000033259392,0.0413299985229969,0.042660001665353775,0.04332000017166138,370470,0.04332000017166138,2019-01-22
1548201600,0.04478999972343445,0.042249999940395355,0.04332000017166138,0.04318999871611595,162841,0.04318999871611595,2019-01-23
1548288000,0.04459000006318092,0.04207000136375427,0.04318999871611595,0.04311000183224678,94417,0.04311000183224678,2019-01-24
1548374400,0.044780001044273376,0.042080000042915344,0.04311000183224678,0.04363999888300896,122036,0.04363999888300896,2019-01-25
1548460800,0.04430999979376793,0.042100001126527786,0.04363999888300896,0.0427899993956089,83599,0.0427899993956089,2019-01-26
1548547200,0.044029999524354935,0.04010000079870224,0.0427899993956089,0.04041000083088875,119328,0.04041000083088875,2019-01-27
1548633600,0.04123000055551529,0.036740001291036606,0.04041000083088875,0.038520000874996185,187283,0.038520000874996185,2019-01-28
1548720000,0.0392800010740757,0.036570001393556595,0.038520000874996185,0.037950001657009125,142436,0.037950001657009125,2019-01-29
1548806400,0.04019999876618385,0.037310000509023666,0.037950001657009125,0.03994999825954437,168584,0.03994999825954437,2019-01-30
1548892800,0.04050999879837036,0.03742000088095665,0.03994999825954437,0.03830000013113022,78991,0.03830000013113022,2019-01-31
1548979200,0.039500001817941666,0.03666999936103821,0.03830000013113022,0.03855999931693077,109810,0.03855999931693077,2019-02-01
1549065600,0.039480000734329224,0.037140000611543655,0.03855999931693077,0.03884999826550484,61893,0.03884999826550484,2019-02-02
1549152000,0.03967000171542168,0.0371600016951561,0.03884999826550484,0.03793000057339668,79807,0.03793000057339668,2019-02-03
1549238400,0.03892999887466431,0.03717000037431717,0.03793000057339668,0.037629999220371246,36950,0.037629999220371246,2019-02-04
1549324800,0.04002000018954277,0.03703000023961067,0.037629999220371246,0.03819999843835831,61744,0.03819999843835831,2019-02-05
1549411200,0.03819999843835831,0.03537999838590622,0.03819999843835831,0.03637000173330307,214414,0.03637000173330307,2019-02-06
1549497600,0.038440000265836716,0.035999998450279236,0.03637000173330307,0.037039998918771744,65504,0.037039998918771744,2019-02-07
1549584000,0.041680000722408295,0.03528999909758568,0.037039998918771744,0.04058000072836876,194603,0.04058000072836876,2019-02-08
1549670400,0.042410001158714294,0.0400100015103817,0.04058000072836876,0.04091000184416771,304264,0.04091000184416771,2019-02-09
1549756800,0.042830001562833786,0.039170000702142715,0.04091000184416771,0.04264000058174133,283060,0.04264000058174133,2019-02-10
1549843200,0.04264000058174133,0.040869999676942825,0.04264000058174133,0.04230000078678131,194355,0.04230000078678131,2019-02-11
1549929600,0.04230000078678131,0.040150001645088196,0.04230000078678131,0.04148999974131584,179284,0.04148999974131584,2019-02-12
1550016000,0.042569998651742935,0.04002000018954277,0.04148999974131584,0.04010000079870224,78278,0.04010000079870224,2019-02-13
1550102400,0.04185999929904938,0.03970000147819519,0.04010000079870224,0.04055999964475632,31862,0.04055999964475632,2019-02-14
1550188800,0.041839998215436935,0.03982999920845032,0.04055999964475632,0.040380001068115234,67062,0.040380001068115234,2019-02-15
1550275200,0.04244999960064888,0.04019999876618385,0.040380001068115234,0.04069000110030174,73277,0.04069000110030174,2019-02-16
1550361600,0.042180001735687256,0.04022999852895737,0.04069000110030174,0.04129999876022339,88773,0.04129999876022339,2019-02-17
1550448000,0.048250000923871994,0.04106999933719635,0.04129999876022339,0.0451899990439415,679452,0.0451899990439415,2019-02-18
1550534400,0.04816000163555145,0.04515000060200691,0.0451899990439415,0.04585999995470047,356694,0.04585999995470047,2019-02-19
1550620800,0.0478999987244606,0.04461999982595444,0.04585999995470047,0.0473099984228611,106509,0.0473099984228611,2019-02-20
1550707200,0.04769999906420708,0.04413999989628792,0.0473099984228611,0.04467000067234039,269992,0.04467000067234039,2019-02-21
1550793600,0.046629998832941055,0.044360000640153885,0.04467000067234039,0.04563000053167343,120107,0.04563000053167343,2019-02-22
1550880000,0.048980001360177994,0.04527999833226204,0.04563000053167343,0.04826999828219414,302537,0.04826999828219414,2019-02-23
1550966400,0.05050000175833702,0.04137999936938286,0.04826999828219414,0.04154999926686287,795971,0.04154999926686287,2019-02-24
1551052800,0.04465999826788902,0.041519999504089355,0.04154999926686287,0.04349999874830246,187793,0.04349999874830246,2019-02-25
1551139200,0.04439999908208847,0.041770000010728836,0.04349999874830246,0.04287999868392944,114137,0.04287999868392944,2019-02-26
1551225600,0.044130001217126846,0.04145999997854233,0.04287999868392944,0.04287000000476837,121475,0.04287000000476837,2019-02-27
1551312000,0.044610001146793365,0.042569998651742935,0.04287000000476837,0.04295000061392784,54371,0.04295000061392784,2019-02-28
1551398400,0.044679999351501465,0.04264000058174133,0.04295000061392784,0.042830001562833786,167365,0.042830001562833786,2019-03-01
1551484800,0.04453999921679497,0.04202000051736832,0.042830001562833786,0.04357999935746193,65230,0.04357999935746193,2019-03-02
1551571200,0.0443900004029274,0.04177999868988991,0.04357999935746193,0.04227999970316887,37233,0.04227999970316887,2019-03-03
1551657600,0.04363999888300896,0.03943999856710434,0.04227999970316887,0.04035000130534172,202626,0.04035000130534172,2019-03-04
1551744000,0.043710000813007355,0.03982999920845032,0.04035000130534172,0.04270000010728836,137347,0.04270000010728836,2019-03-05
1551830400,0.04360000044107437,0.041850000619888306,0.04270000010728836,0.04343999922275543,92750,0.04343999922275543,2019-03-06
1551916800,0.04391000047326088,0.04204000160098076,0.04343999922275543,0.04258999973535538,90545,0.04258999973535538,2019-03-07
1552003200,0.044039998203516006,0.04202999919652939,0.04258999973535538,0.04244999960064888,86315,0.04244999960064888,2019-03-08
1552089600,0.046890001744031906,0.04236000031232834,0.04244999960064888,0.0464400015771389,280619,0.0464400015771389,2019-03-09
1552176000,0.046480000019073486,0.04414999857544899,0.0464400015771389,0.045340001583099365,197582,0.045340001583099365,2019-03-10
1552262400,0.04830000177025795,0.04458000138401985,0.045340001583099365,0.04755000025033951,225847,0.04755000025033951,2019-03-11
1552348800,0.04845999926328659,0.04473999887704849,0.04755000025033951,0.0471699982881546,345295,0.0471699982881546,2019-03-12
1552435200,0.04876000061631203,0.04569999873638153,0.0471699982881546,0.04623999819159508,184508,0.04623999819159508,2019-03-13
1552521600,0.0485600009560585,0.045830000191926956,0.04623999819159508,0.0473800003528595,147942,0.0473800003528595,2019-03-14
1552608000,0.05067000165581703,0.047359999269247055,0.0473800003528595,0.049720000475645065,407985,0.049720000475645065,2019-03-15
1552694400,0.051430001854896545,0.04901999980211258,0.049720000475645065,0.05121999979019165,371689,0.05121999979019165,2019-03-16
1552780800,0.05138000100851059,0.0492900013923645,0.05121999979019165,0.04974000155925751,251621,0.04974000155925751,2019-03-17
1552867200,0.05121000111103058,0.048909999430179596,0.04974000155925751,0.04989999905228615,231146,0.04989999905228615,2019-03-18
1552953600,0.053199999034404755,0.04910000041127205,0.04989999905228615,0.051989998668432236,368355,0.051989998668432236,2019-03-19
1553040000,0.053630001842975616,0.05098000168800354,0.051989998668432236,0.05341000109910965,333864,0.05341000109910965,2019-03-20
1553126400,0.0544699989259243,0.04997999966144562,0.05341000109910965,0.052379999309778214,521188,0.052379999309778214,2019-03-21
1553212800,0.05855000019073486,0.051750000566244125,0.052379999309778214,0.057739999145269394,813290,0.057739999145269394,2019-03-22
1553299200,0.06413000077009201,0.056699998676776886,0.057739999145269394,0.06328000128269196,870124,0.06328000128269196,2019-03-23
1553385600,0.07047999650239944,0.058800000697374344,0.06328000128269196,0.06120000034570694,989512,0.06120000034570694,2019-03-24
1553472000,0.061330001801252365,0.056049998849630356,0.06120000034570694,0.058639999479055405,813238,0.058639999479055405,2019-03-25
1553558400,0.0617000013589859,0.057840000838041306,0.058639999479055405,0.06162000074982643,558887,0.06162000074982643,2019-03-26
1553644800,0.06757999956607819,0.0604499988257885,0.06162000074982643,0.06683000177145004,838480,0.06683000177145004,2019-03-27
1553731200,0.06683000177145004,0.06358999758958817,0.06683000177145004,0.06522999703884125,473731,0.06522999703884125,2019-03-28
1553817600,0.07265999913215637,0.06521999835968018,0.06522999703884125,0.07134000211954117,1014687,0.07134000211954117,2019-03-29
1553904000,0.07266999781131744,0.06847000122070312,0.07134000211954117,0.07167000323534012,733313,0.07167000323534012,2019-03-30
1553990400,0.07208000123500824,0.06925000250339508,0.07167000323534012,0.06993000209331512,195480,0.06993000209331512,2019-03-31
1554073200,0.07264000177383423,0.06859000027179718,0.06993000209331512,0.07167000323534012,586997,0.07167000323534012,2019-03-31
1554159600,0.08596000075340271,0.07034000009298325,0.07167000323534012,0.08596000075340271,2241160,0.08596000075340271,2019-04-01
1554246000,0.10159999877214432,0.06139000132679939,0.08596000075340271,0.0910400003194809,3988588,0.0910400003194809,2019-04-02
1554332400,0.0945499986410141,0.08150999993085861,0.0910400003194809,0.08760999888181686,1725388,0.08760999888181686,2019-04-03
1554418800,0.0923599973320961,0.08726999908685684,0.08760999888181686,0.09092999994754791,839936,0.09092999994754791,2019-04-04
1554505200,0.09395000338554382,0.08737999945878983,0.09092999994754791,0.08991000056266785,632273,0.08991000056266785,2019-04-05
1554591600,0.09131000190973282,0.08822999894618988,0.08991000056266785,0.08985000103712082,619846,0.08985000103712082,2019-04-06
1554678000,0.0917000025510788,0.0834600031375885,0.08985000103712082,0.08705999702215195,917512,0.08705999702215195,2019-04-07
1554764400,0.08705999702215195,0.08113999664783478,0.08705999702215195,0.08371999859809875,543608,0.08371999859809875,2019-04-08
1554850800,0.09257999807596207,0.08348000049591064,0.08371999859809875,0.08958999812602997,1030062,0.08958999812602997,2019-04-09
1554937200,0.09025999903678894,0.07692000269889832,0.08958999812602997,0.08313000202178955,1070035,0.08313000202178955,2019-04-10
1555023600,0.08533000200986862,0.08006999641656876,0.08313000202178955,0.0839499980211258,530369,0.0839499980211258,2019-04-11
1555110000,0.08546999841928482,0.08233000338077545,0.0839499980211258,0.08350999653339386,367439,0.08350999653339386,2019-04-12
1555196400,0.08525999635457993,0.08115000277757645,0.08350999653339386,0.08453000336885452,199160,0.08453000336885452,2019-04-13
1555282800,0.08540999889373779,0.08026999980211258,0.08453000336885452,0.08251000195741653,625844,0.08251000195741653,2019-04-14
1555369200,0.08382999897003174,0.08004999905824661,0.08251000195741653,0.08341000229120255,454760,0.08341000229120255,2019-04-15
1555455600,0.08444000035524368,0.08180999755859375,0.08341000229120255,0.08282999694347382,502144,0.08282999694347382,2019-04-16
1555542000,0.08393999934196472,0.08113999664783478,0.08282999694347382,0.08163999766111374,309954,0.08163999766111374,2019-04-17
1555628400,0.0817900002002716,0.07771000266075134,0.08163999766111374,0.07925000041723251,738976,0.07925000041723251,2019-04-18
1555714800,0.07936999946832657,0.07502000033855438,0.07925000041723251,0.07619000226259232,993964,0.07619000226259232,2019-04-19
1555801200,0.07761000096797943,0.07139000296592712,0.07619000226259232,0.07400999963283539,595158,0.07400999963283539,2019-04-20
1555887600,0.07959000021219254,0.07212000340223312,0.07400999963283539,0.07801999896764755,641348,0.07801999896764755,2019-04-21
1555974000,0.0800200030207634,0.07394000142812729,0.07801999896764755,0.07412999868392944,500212,0.07412999868392944,2019-04-22
1556060400,0.0756400004029274,0.06840000301599503,0.07412999868392944,0.07240000367164612,980420,0.07240000367164612,2019-04-23
1556146800,0.07592999935150146,0.06706999987363815,0.07240000367164612,0.06842999905347824,1064019,0.06842999905347824,2019-04-24
1556233200,0.06930000334978104,0.06541000306606293,0.06842999905347824,0.06802999973297119,681923,0.06802999973297119,2019-04-25
1556319600,0.07156000286340714,0.06706999987363815,0.06802999973297119,0.06947000324726105,242894,0.06947000324726105,2019-04-26
1556406000,0.07227999716997147,0.06659000366926193,0.06931000202894211,0.06739000231027603,126869,0.06739000231027603,2019-04-27
1556492400,0.06966999918222427,0.06328000128269196,0.06739000231027603,0.06362000107765198,343714,0.06362000107765198,2019-04-28
1556578800,0.0695900022983551,0.06362000107765198,0.06362000107765198,0.06953000277280807,368277,0.06953000277280807,2019-04-29
1556665200,0.07017000019550323,0.06623999774456024,0.06953000277280807,0.06810999661684036,418733,0.06810999661684036,2019-04-30
1556751600,0.06877999752759933,0.06703999638557434,0.06810999661684036,0.06739000231027603,267855,0.06739000231027603,2019-05-01
1556838000,0.07343000173568726,0.06656000018119812,0.06739000231027603,0.06881999969482422,921530,0.06881999969482422,2019-05-02
1556924400,0.07136999815702438,0.06531000137329102,0.06881999969482422,0.06626000255346298,844915,0.06626000255346298,2019-05-03
1557010800,0.06720999628305435,0.06488999724388123,0.06626000255346298,0.0655599981546402,275696,0.0655599981546402,2019-05-04
1557097200,0.06808000057935715,0.06294000148773193,0.0655599981546402,0.06611000001430511,497359,0.06611000001430511,2019-05-05
1557183600,0.06832999736070633,0.062950000166893,0.06611000001430511,0.06312999874353409,554755,0.06312999874353409,2019-05-06
1557270000,0.06470999866724014,0.06185999885201454,0.06312999874353409,0.06395000219345093,337544,0.06395000219345093,2019-05-07
1557356400,0.06486000120639801,0.060029998421669006,0.06395000219345093,0.061319999396800995,514781,0.061319999396800995,2019-05-08
1557442800,0.0652099996805191,0.058959998190402985,0.061319999396800995,0.0630199983716011,676645,0.0630199983716011,2019-05-09
1557529200,0.0792199969291687,0.06300000101327896,0.0630199983716011,0.07583999633789062,2333373,0.07583999633789062,2019-05-10
1557615600,0.07735999673604965,0.06801000237464905,0.07583999633789062,0.07039999961853027,1878910,0.07039999961853027,2019-05-11
1557702000,0.07693000137805939,0.06972000002861023,0.07039999961853027,0.07275000214576721,1272399,0.07275000214576721,2019-05-12
1557788400,0.08481000363826752,0.07275000214576721,0.07275000214576721,0.08481000363826752,1999605,0.08481000363826752,2019-05-13
1557874800,0.09562999755144119,0.08303999900817871,0.08481000363826752,0.09408000111579895,2538036,0.09408000111579895,2019-05-14
1557961200,0.10040000081062317,0.08332999795675278,0.09408000111579895,0.08765000104904175,3179980,0.08765000104904175,2019-05-15
1558047600,0.08995000272989273,0.07385999709367752,0.08765000104904175,0.0832500010728836,3297380,0.0832500010728836,2019-05-16
1558134000,0.08466999977827072,0.07743000239133835,0.0832500010728836,0.0783500000834465,938694,0.0783500000834465,2019-05-17
1558220400,0.08833000063896179,0.07745999842882156,0.0783500000834465,0.08692999929189682,1404638,0.08692999929189682,2019-05-18
1558306800,0.0873199999332428,0.07926999777555466,0.08692999929189682,0.08460000157356262,1170441,0.08460000157356262,2019-05-19
1558393200,0.08651000261306763,0.08212999999523163,0.08460000157356262,0.08453000336885452,670119,0.08453000336885452,2019-05-20
1558479600,0.08562999963760376,0.07709000259637833,0.08453000336885452,0.07737000286579132,1165296,0.07737000286579132,2019-05-21
1558566000,0.0806799978017807,0.07398000359535217,0.07737000286579132,0.0806799978017807,604481,0.0806799978017807,2019-05-22
1558652400,0.08395999670028687,0.07840000092983246,0.0806799978017807,0.08098000288009644,1036663,0.08098000288009644,2019-05-23
1558738800,0.08237999677658081,0.07898999750614166,0.08098000288009644,0.07998000085353851,291910,0.07998000085353851,2019-05-24
1558825200,0.08789999783039093,0.07845000177621841,0.07998000085353851,0.08609999716281891,888245,0.08609999716281891,2019-05-25
1558911600,0.09359999746084213,0.08425000309944153,0.08609999716281891,0.09103000164031982,1100101,0.09103000164031982,2019-05-26
1558998000,0.09292999655008316,0.08574999868869781,0.09103000164031982,0.09290999919176102,1104125,0.09290999919176102,2019-05-27
1559084400,0.09392999857664108,0.08578000217676163,0.09290999919176102,0.0907600000500679,1331198,0.0907600000500679,2019-05-28
1559170800,0.09816999733448029,0.07980000227689743,0.0907600000500679,0.08402000367641449,2794919,0.08402000367641449,2019-05-29
1559257200,0.08976999670267105,0.08137000352144241,0.08402000367641449,0.08911000192165375,1294799,0.08911000192165375,2019-05-30
1559343600,0.09247999638319016,0.08570999652147293,0.08911000192165375,0.09008999913930893,865228,0.09008999913930893,2019-05-31
1559430000,0.0976099967956543,0.09008999913930893,0.09008999913930893,0.09640000015497208,1485377,0.09640000015497208,2019-06-01
1559516400,0.09786000102758408,0.0872500017285347,0.09640000015497208,0.08771999925374985,1643932,0.08771999925374985,2019-06-02
1559602800,0.08777999877929688,0.07896000146865845,0.08771999925374985,0.08223000168800354,2354150,0.08223000168800354,2019-06-03
1559689200,0.08437000215053558,0.07959999889135361,0.08223000168800354,0.08280999958515167,854080,0.08280999958515167,2019-06-04
1559775600,0.08386000245809555,0.07818000018596649,0.08280999958515167,0.08297000080347061,535246,0.08297000080347061,2019-06-05
1559862000,0.08728999644517899,0.08223000168800354,0.08297000080347061,0.08541999757289886,735551,0.08541999757289886,2019-06-06
1559948400,0.08614999800920486,0.08190999925136566,0.08541999757289886,0.08384999632835388,264751,0.08384999632835388,2019-06-07
1560034800,0.08421000093221664,0.07733000069856644,0.08384999632835388,0.07909999787807465,1002904,0.07909999787807465,2019-06-08
1560121200,0.08560000360012054,0.07795999944210052,0.07909999787807465,0.08551999926567078,730133,0.08551999926567078,2019-06-09
1560207600,0.08931999653577805,0.0824899971485138,0.08551999926567078,0.08805999904870987,945081,0.08805999904870987,2019-06-10
1560294000,0.09657000005245209,0.08595000207424164,0.08805999904870987,0.0964599996805191,1938086,0.0964599996805191,2019-06-11
1560380400,0.09690000116825104,0.0885000005364418,0.0964599996805191,0.08946000039577484,1225104,0.08946000039577484,2019-06-12
1560466800,0.09080000221729279,0.08574000000953674,0.08946000039577484,0.09047000110149384,1477434,0.09047000110149384,2019-06-13
1560553200,0.09284000098705292,0.09034000337123871,0.09047000110149384,0.09143000096082687,667700,0.09143000096082687,2019-06-14
