date,high,low,open,close,volume,adjclose,formatted_date
1501542000,488.79998779296875,218.38999938964844,421.0,439.2699890136719,1364069,439.2699890136719,2017-07-31
1501628400,974.7100219726562,362.0199890136719,439.2699890136719,551.5900268554688,44939867,551.5900268554688,2017-08-01
1501714800,635.72998046875,381.0799865722656,551.5900268554688,405.9200134277344,39430900,405.9200134277344,2017-08-02
1501801200,414.3800048828125,252.57000732421875,405.9200134277344,253.1300048828125,39012988,253.1300048828125,2017-08-03
1501887600,294.8399963378906,206.63999938964844,253.1300048828125,220.3000030517578,26697590,220.3000030517578,2017-08-04
1501974000,241.8699951171875,210.1300048828125,220.3000030517578,241.8699951171875,19175891,241.8699951171875,2017-08-05
1502060400,411.55999755859375,239.47000122070312,241.8699951171875,322.6000061035156,89374025,322.6000061035156,2017-08-06
1502146800,388.3399963378906,310.510009765625,322.6000061035156,343.42999267578125,65405748,343.42999267578125,2017-08-07
1502233200,349.92999267578125,289.739990234375,343.42999267578125,301.1700134277344,31524578,301.1700134277344,2017-08-08
1502319600,312.5299987792969,268.44000244140625,301.1700134277344,274.4800109863281,26331114,274.4800109863281,2017-08-09
1502406000,352.5299987792969,271.4599914550781,274.4800109863281,326.260009765625,37100135,326.260009765625,2017-08-10
1502492400,344.5899963378906,311.0400085449219,326.260009765625,316.0,13359671,316.0,2017-08-11
1502578800,317.69000244140625,293.92999267578125,316.0,295.1499938964844,13655828,295.1499938964844,2017-08-12
1502665200,329.7699890136719,291.25,295.1499938964844,300.0299987792969,19118045,300.0299987792969,2017-08-13
1502751600,307.4200134277344,290.0199890136719,300.0299987792969,297.3599853515625,11537495,297.3599853515625,2017-08-14
1502838000,309.3599853515625,285.4800109863281,297.3599853515625,299.67999267578125,10407736,299.67999267578125,2017-08-15
1502924400,449.75,292.3999938964844,299.67999267578125,445.19000244140625,72997662,445.19000244140625,2017-08-16
1503010800,777.5399780273438,437.80999755859375,445.19000244140625,689.8300170898438,350422575,689.8300170898438,2017-08-17
1503097200,965.47998046875,604.030029296875,689.8300170898438,738.5399780273438,382644710,738.5399780273438,2017-08-18
1503183600,849.1599731445312,677.9600219726562,738.5399780273438,719.27001953125,176097781,719.27001953125,2017-08-19
1503270000,749.6500244140625,557.9199829101562,719.27001953125,605.219970703125,137835348,605.219970703125,2017-08-20
1503356400,734.1599731445312,566.8599853515625,605.219970703125,684.5999755859375,127212595,684.5999755859375,2017-08-21
1503442800,710.8499755859375,651.3200073242188,684.5999755859375,674.0800170898438,44395029,674.0800170898438,2017-08-22
1503529200,701.1099853515625,601.5999755859375,674.0800170898438,619.8300170898438,47944401,619.8300170898438,2017-08-23
1503615600,664.739990234375,615.0900268554688,619.8300170898438,632.47998046875,32464569,632.47998046875,2017-08-24
1503702000,638.5599975585938,612.25,632.47998046875,621.4299926757812,18170375,621.4299926757812,2017-08-25
1503788400,651.8800048828125,581.6799926757812,621.4299926757812,616.2899780273438,40956416,616.2899780273438,2017-08-26
1503874800,626.6400146484375,581.8099975585938,616.2899780273438,591.1099853515625,19001371,591.1099853515625,2017-08-27
1503961200,596.5599975585938,524.3200073242188,591.1099853515625,544.739990234375,43470346,544.739990234375,2017-08-28
1504047600,613.1799926757812,529.6400146484375,544.739990234375,580.3400268554688,47761724,580.3400268554688,2017-08-29
1504134000,609.22998046875,570.5,580.3400268554688,592.5900268554688,27937832,592.5900268554688,2017-08-30
1504220400,653.5599975585938,586.6300048828125,592.5900268554688,628.72998046875,37807706,628.72998046875,2017-08-31
1504306800,645.7999877929688,560.97998046875,628.72998046875,572.6500244140625,36984224,572.6500244140625,2017-09-01
1504393200,622.72998046875,559.219970703125,572.6500244140625,609.8499755859375,27470981,609.8499755859375,2017-09-02
1504479600,611.5,496.8399963378906,609.8499755859375,519.2999877929688,39354607,519.2999877929688,2017-09-03
1504566000,560.219970703125,472.510009765625,519.2999877929688,546.739990234375,30106018,546.739990234375,2017-09-04
1504652400,657.2999877929688,539.1300048828125,546.739990234375,647.6400146484375,54825116,647.6400146484375,2017-09-05
1504738800,718.9199829101562,604.3200073242188,647.6400146484375,667.5599975585938,70423045,667.5599975585938,2017-09-06
1504825200,698.489990234375,573.0900268554688,667.5599975585938,605.6599731445312,65565655,605.6599731445312,2017-09-07
1504911600,610.280029296875,565.5700073242188,605.6599731445312,586.239990234375,24260056,586.239990234375,2017-09-08
1504998000,586.8099975585938,524.97998046875,586.239990234375,556.9000244140625,27588948,556.9000244140625,2017-09-09
1505084400,590.1699829101562,550.0999755859375,556.9000244140625,556.02001953125,19801627,556.02001953125,2017-09-10
1505170800,577.6199951171875,530.0700073242188,556.02001953125,536.9600219726562,22082978,536.9600219726562,2017-09-11
1505257200,538.97998046875,471.0799865722656,536.9600219726562,506.489990234375,35647701,506.489990234375,2017-09-12
1505343600,515.5800170898438,385.45001220703125,506.489990234375,386.489990234375,43447407,386.489990234375,2017-09-13
1505430000,454.2099914550781,301.54998779296875,386.489990234375,428.8800048828125,81380795,428.8800048828125,2017-09-14
1505516400,470.70001220703125,411.5299987792969,428.8800048828125,443.2099914550781,35057627,443.2099914550781,2017-09-15
1505602800,450.8800048828125,407.80999755859375,443.2099914550781,439.07000732421875,16667495,439.07000732421875,2017-09-16
1505689200,492.489990234375,438.3800048828125,439.07000732421875,486.0299987792969,33211175,486.0299987792969,2017-09-17
1505775600,548.1300048828125,454.7699890136719,486.0299987792969,530.5999755859375,50064941,530.5999755859375,2017-09-18
1505862000,530.6400146484375,475.32000732421875,530.5999755859375,477.25,49416655,477.25,2017-09-19
1505948400,484.7200012207031,413.79998779296875,477.25,416.1300048828125,34350076,416.1300048828125,2017-09-20
1506034800,434.1700134277344,395.0899963378906,416.1300048828125,409.6300048828125,26731878,409.6300048828125,2017-09-21
1506121200,436.1400146484375,403.3299865722656,409.6300048828125,430.30999755859375,15542354,430.30999755859375,2017-09-22
1506207600,434.3399963378906,416.6199951171875,430.30999755859375,421.19000244140625,14388923,421.19000244140625,2017-09-23
1506294000,458.17999267578125,420.1400146484375,421.19000244140625,450.8500061035156,23480486,450.8500061035156,2017-09-24
1506380400,463.54998779296875,448.95001220703125,450.8500061035156,449.55999755859375,14765728,449.55999755859375,2017-09-25
1506466800,468.6400146484375,439.8999938964844,449.55999755859375,464.1400146484375,30195113,464.1400146484375,2017-09-26
1506553200,481.5899963378906,442.1499938964844,464.1400146484375,458.1499938964844,34380897,458.1499938964844,2017-09-27
1506639600,459.6300048828125,430.44000244140625,458.1499938964844,440.54998779296875,21350204,440.54998779296875,2017-09-28
1506726000,454.8500061035156,433.7699890136719,440.54998779296875,435.95001220703125,24220359,435.95001220703125,2017-09-29
1506812400,440.55999755859375,417.1000061035156,435.95001220703125,418.04998779296875,24068045,418.04998779296875,2017-09-30
1506898800,432.2200012207031,410.32000732421875,418.04998779296875,419.67999267578125,30198291,419.67999267578125,2017-10-01
1506985200,420.69000244140625,393.0299987792969,419.67999267578125,401.4100036621094,17248218,401.4100036621094,2017-10-02
1507071600,403.2200012207031,351.29998779296875,401.4100036621094,355.75,46419226,355.75,2017-10-03
1507158000,368.1400146484375,343.7200012207031,355.75,354.3999938964844,38188747,354.3999938964844,2017-10-04
1507244400,374.5400085449219,352.9100036621094,354.3999938964844,363.2200012207031,19726320,363.2200012207031,2017-10-05
1507330800,368.1700134277344,354.2099914550781,363.2200012207031,359.80999755859375,11726397,359.80999755859375,2017-10-06
1507417200,363.7900085449219,335.70001220703125,359.80999755859375,343.5199890136719,22147895,343.5199890136719,2017-10-07
1507503600,343.95001220703125,282.17999267578125,343.5199890136719,312.42999267578125,42738393,312.42999267578125,2017-10-08
1507590000,350.1099853515625,304.5199890136719,312.42999267578125,317.19000244140625,40789265,317.19000244140625,2017-10-09
1507676400,320.5400085449219,309.2300109863281,317.19000244140625,314.2099914550781,19338916,314.2099914550781,2017-10-10
1507762800,331.1099853515625,306.25,314.2099914550781,310.55999755859375,32051057,310.55999755859375,2017-10-11
1507849200,324.32000732421875,291.9800109863281,310.55999755859375,320.1099853515625,36812373,320.1099853515625,2017-10-12
1507935600,327.5400085449219,314.6499938964844,320.1099853515625,321.6700134277344,21544074,321.6700134277344,2017-10-13
1508022000,323.3800048828125,307.6099853515625,321.6700134277344,314.1000061035156,11896226,314.1000061035156,2017-10-14
1508108400,317.8500061035156,310.07000732421875,314.04998779296875,313.94000244140625,8702010,313.94000244140625,2017-10-15
1508194800,399.8599853515625,308.2300109863281,313.989990234375,367.8399963378906,88485919,367.8399963378906,2017-10-16
1508281200,374.1600036621094,305.9599914550781,367.94000244140625,338.7200012207031,40142126,338.7200012207031,2017-10-17
1508367600,339.0,323.80999755859375,338.7699890136719,329.6600036621094,17971549,329.6600036621094,2017-10-18
1508454000,333.9100036621094,320.6700134277344,329.6000061035156,326.0299987792969,14375667,326.0299987792969,2017-10-19
1508540400,329.1300048828125,313.1300048828125,326.1499938964844,322.1199951171875,10098593,322.1199951171875,2017-10-20
1508626800,358.2699890136719,318.3599853515625,321.94000244140625,325.8800048828125,31515652,325.8800048828125,2017-10-21
1508713200,329.9700012207031,300.260009765625,324.8800048828125,312.04998779296875,20958214,312.04998779296875,2017-10-22
1508799600,337.4200134277344,303.7300109863281,312.04998779296875,322.2799987792969,25115720,322.2799987792969,2017-10-23
1508886000,331.4100036621094,315.2799987792969,322.7200012207031,329.4700012207031,11348229,329.4700012207031,2017-10-24
1508972400,350.7300109863281,325.6600036621094,329.30999755859375,335.67999267578125,23659411,335.67999267578125,2017-10-25
1509058800,373.4599914550781,335.6300048828125,335.75,363.8399963378906,45524489,363.8399963378906,2017-10-26
1509145200,420.8699951171875,363.1300048828125,363.82000732421875,417.2200012207031,67773673,417.2200012207031,2017-10-27
1509231600,523.0800170898438,400.4100036621094,416.7699890136719,451.9100036621094,259090603,451.9100036621094,2017-10-28
1509321600,482.5799865722656,416.05999755859375,451.9100036621094,444.92999267578125,87034115,444.92999267578125,2017-10-30
1509408000,456.29998779296875,426.29998779296875,444.92999267578125,435.4800109863281,43638797,435.4800109863281,2017-10-31
1509494400,546.1099853515625,434.45001220703125,435.4800109863281,529.8800048828125,122331291,529.8800048828125,2017-11-01
1509580800,593.6799926757812,492.3900146484375,530.239990234375,562.7899780273438,170606048,562.7899780273438,2017-11-02
1509667200,686.2100219726562,558.530029296875,563.2100219726562,626.0399780273438,212978833,626.0399780273438,2017-11-03
1509753600,641.5499877929688,563.0700073242188,626.02001953125,614.260009765625,136414146,614.260009765625,2017-11-04
1509840000,637.2899780273438,570.8300170898438,614.260009765625,625.719970703125,88707513,625.719970703125,2017-11-05
1509926400,656.75,588.1799926757812,625.719970703125,588.6799926757812,99875447,588.6799926757812,2017-11-06
1510012800,617.4400024414062,584.3800048828125,588.5499877929688,603.260009765625,43387451,603.260009765625,2017-11-07
1510099200,644.2000122070312,522.7899780273438,603.1699829101562,617.4099731445312,129168410,617.4099731445312,2017-11-08
1510185600,675.3900146484375,612.3200073242188,617.0,650.0900268554688,88271349,650.0900268554688,2017-11-09
1510272000,1029.27001953125,647.3900146484375,650.0900268554688,995.4000244140625,562027429,995.4000244140625,2017-11-10
1510358400,1414.1400146484375,897.9199829101562,989.8699951171875,1325.56005859375,404695851,1325.56005859375,2017-11-11
1510444800,2694.3701171875,1187.010009765625,1325.56005859375,1374.3900146484375,877406443,1374.3900146484375,2017-11-12
1510531200,1515.469970703125,1012.219970703125,1369.5,1346.9599609375,361634817,1346.9599609375,2017-11-13
1510617600,1374.760009765625,1186.56005859375,1346.9599609375,1251.6300048828125,165309100,1251.6300048828125,2017-11-14
1510704000,1318.800048828125,1164.949951171875,1251.6199951171875,1187.030029296875,135275562,1187.030029296875,2017-11-15
1510790400,1193.4000244140625,873.4400024414062,1185.8399658203125,896.510009765625,203434765,896.510009765625,2017-11-16
1510876800,1209.4100341796875,856.9500122070312,897.760009765625,1175.5400390625,246137619,1175.5400390625,2017-11-17
1510963200,1371.1800537109375,1174.8599853515625,1177.050048828125,1243.8599853515625,237178090,1243.8599853515625,2017-11-18
1511049600,1257.1700439453125,1132.280029296875,1242.8900146484375,1176.6600341796875,114092155,1176.6600341796875,2017-11-19
1511136000,1252.75,1170.8199462890625,1177.0699462890625,1245.280029296875,75604482,1245.280029296875,2017-11-20
1511222400,1247.72998046875,1146.25,1245.280029296875,1169.9000244140625,87834756,1169.9000244140625,2017-11-21
1511308800,1346.06005859375,1164.300048828125,1169.9000244140625,1298.6199951171875,135737842,1298.6199951171875,2017-11-22
1511395200,1663.300048828125,1293.6600341796875,1297.8299560546875,1662.2099609375,301664725,1662.2099609375,2017-11-23
1511481600,1765.760009765625,1529.1300048828125,1662.4000244140625,1625.050048828125,265161800,1625.050048828125,2017-11-24
1511568000,1635.9000244140625,1517.6400146484375,1625.050048828125,1546.219970703125,168521398,1546.219970703125,2017-11-25
1511654400,1729.0,1528.68994140625,1546.4599609375,1719.3599853515625,73523501,1719.3599853515625,2017-11-26
1511740800,1720.27001953125,1557.31005859375,1718.72998046875,1587.6600341796875,162585449,1587.6600341796875,2017-11-27
1511827200,1592.3900146484375,1469.0999755859375,1587.5799560546875,1481.9300537109375,149808661,1481.9300537109375,2017-11-28
1511913600,1627.8599853515625,1277.5899658203125,1481.9200439453125,1333.1500244140625,262656502,1333.1500244140625,2017-11-29
1512000000,1415.75,1174.8399658203125,1333.52001953125,1318.4200439453125,150181384,1318.4200439453125,2017-11-30
1512086400,1451.1199951171875,1243.5,1318.4200439453125,1426.5,128160246,1426.5,2017-12-01
1512172800,1464.77001953125,1371.1300048828125,1426.5699462890625,1390.5799560546875,65529684,1390.5799560546875,2017-12-02
1512259200,1621.9100341796875,1378.469970703125,1390.9200439453125,1511.4599609375,170307885,1511.4599609375,2017-12-03
1512345600,1543.780029296875,1438.56005859375,1511.3699951171875,1540.699951171875,91600694,1540.699951171875,2017-12-04
1512432000,1581.800048828125,1410.56005859375,1540.6400146484375,1421.4200439453125,113943413,1421.4200439453125,2017-12-05
1512518400,1461.219970703125,1309.530029296875,1421.4100341796875,1349.75,129572220,1349.75,2017-12-06
1512604800,1363.0899658203125,1217.3800048828125,1349.739990234375,1230.0,156825923,1230.0,2017-12-07
1512691200,1560.7099609375,1137.4200439453125,1229.9000244140625,1383.300048828125,281476871,1383.300048828125,2017-12-08
1512777600,1466.47998046875,1305.280029296875,1383.3299560546875,1369.3599853515625,116894421,1369.3599853515625,2017-12-09
1512864000,1369.530029296875,1186.47998046875,1369.530029296875,1289.780029296875,103219889,1289.780029296875,2017-12-10
1512950400,1429.02001953125,1288.3900146484375,1289.4200439453125,1402.1800537109375,96857495,1402.1800537109375,2017-12-11
1513036800,1601.280029296875,1330.780029296875,1402.3499755859375,1543.449951171875,162733015,1543.449951171875,2017-12-12
1513123200,1664.7900390625,1444.0999755859375,1544.9200439453125,1572.9100341796875,194831180,1572.9100341796875,2017-12-13
1513209600,2053.260009765625,1561.300048828125,1572.9100341796875,1933.27001953125,409667501,1933.27001953125,2017-12-14
1513296000,1939.7900390625,1630.6199951171875,1933.27001953125,1795.31005859375,191047439,1795.31005859375,2017-12-15
1513382400,1864.8699951171875,1733.97998046875,1797.030029296875,1773.75,110491376,1773.75,2017-12-16
1513468800,1904.010009765625,1773.0999755859375,1773.75,1827.4100341796875,110593944,1827.4100341796875,2017-12-17
1513555200,2311.360107421875,1750.3900146484375,1827.4100341796875,2146.7900390625,418792732,2146.7900390625,2017-12-18
1513641600,2827.389892578125,2075.47998046875,2146.4599609375,2670.969970703125,651099368,2670.969970703125,2017-12-19
1513728000,4112.39013671875,2665.550048828125,2670.969970703125,3715.909912109375,1915071070,3715.909912109375,2017-12-20
1513814400,3717.550048828125,2857.300048828125,3715.909912109375,3084.090087890625,787854447,3084.090087890625,2017-12-21
1513900800,3163.969970703125,1716.8399658203125,3084.090087890625,2521.4599609375,959174529,2521.4599609375,2017-12-22
1513987200,3249.320068359375,2466.889892578125,2521.449951171875,2991.570068359375,562467930,2991.570068359375,2017-12-23
1514073600,2997.030029296875,2463.14990234375,2991.580078125,2797.919921875,439830450,2797.919921875,2017-12-24
1514160000,2883.550048828125,2600.419921875,2797.919921875,2739.93994140625,187864797,2739.93994140625,2017-12-25
1514246400,2929.030029296875,2720.989990234375,2739.93994140625,2921.840087890625,182771250,2921.840087890625,2017-12-26
1514332800,2924.469970703125,2568.85009765625,2921.889892578125,2710.639892578125,161281901,2710.639892578125,2017-12-27
1514419200,2727.030029296875,2291.93994140625,2710.639892578125,2484.9599609375,193654890,2484.9599609375,2017-12-28
1514505600,2884.9599609375,2311.239990234375,2486.5400390625,2619.320068359375,279681307,2619.320068359375,2017-12-29
1514592000,2634.360107421875,2103.909912109375,2622.419921875,2209.9599609375,221420859,2209.9599609375,2017-12-30
1514678400,2485.77001953125,2165.1201171875,2210.179931640625,2371.830078125,131177357,2371.830078125,2017-12-31
1514764800,2413.010009765625,2258.2900390625,2371.830078125,2319.1201171875,80872345,2319.1201171875,2018-01-01
1514851200,2719.8798828125,2314.1201171875,2319.1201171875,2555.489990234375,213749238,2555.489990234375,2018-01-02
1514937600,2776.56005859375,2517.5400390625,2555.489990234375,2557.52001953125,170977759,2557.52001953125,2018-01-03
1515024000,2558.89990234375,2315.699951171875,2556.3701171875,2355.780029296875,167327220,2355.780029296875,2018-01-04
1515110400,2523.510009765625,2306.489990234375,2355.679931640625,2390.0400390625,188339076,2390.0400390625,2018-01-05
1515196800,2639.550048828125,2326.080078125,2390.0400390625,2533.239990234375,189153648,2533.239990234375,2018-01-06
1515283200,2760.35009765625,2492.919921875,2533.239990234375,2530.43994140625,203905526,2530.43994140625,2018-01-07
1515369600,2572.1298828125,2207.35009765625,2530.5,2404.739990234375,173810008,2404.739990234375,2018-01-08
1515456000,2489.580078125,2319.18994140625,2404.739990234375,2376.679931640625,118646869,2376.679931640625,2018-01-09
1515542400,2944.889892578125,2291.93994140625,2376.679931640625,2856.929931640625,428980394,2856.929931640625,2018-01-10
1515628800,2952.679931640625,2341.77001953125,2856.93994140625,2437.919921875,370363445,2437.919921875,2018-01-11
1515715200,2628.14990234375,2372.669921875,2437.919921875,2596.199951171875,147982320,2596.199951171875,2018-01-12
1515801600,2869.3798828125,2561.699951171875,2596.2099609375,2664.89990234375,183442789,2664.89990234375,2018-01-13
1515888000,2728.550048828125,2441.030029296875,2664.97998046875,2530.2099609375,114182801,2530.2099609375,2018-01-14
1515974400,2558.330078125,2352.10009765625,2530.590087890625,2394.050048828125,124413534,2394.050048828125,2018-01-15
1516060800,2411.969970703125,1525.1300048828125,2394.02001953125,1761.6099853515625,413640550,1761.6099853515625,2018-01-16
1516147200,1903.530029296875,1342.050048828125,1760.949951171875,1748.800048828125,275433374,1748.800048828125,2018-01-17
1516233600,1881.06005859375,1681.8199462890625,1748.800048828125,1708.8699951171875,138733377,1708.8699951171875,2018-01-18
1516320000,1853.18994140625,1693.93994140625,1708.8699951171875,1756.719970703125,82814184,1756.719970703125,2018-01-19
1516406400,2114.14990234375,1753.949951171875,1756.719970703125,2024.3199462890625,150204592,2024.3199462890625,2018-01-20
1516492800,2025.1800537109375,1709.25,2024.3199462890625,1772.3699951171875,116810397,1772.3699951171875,2018-01-21
1516579200,1805.8499755859375,1509.8900146484375,1772.3699951171875,1606.050048828125,111361124,1606.050048828125,2018-01-22
1516665600,1692.6199951171875,1490.3499755859375,1606.050048828125,1614.4599609375,88416102,1614.4599609375,2018-01-23
1516752000,1676.530029296875,1558.9200439453125,1614.4599609375,1653.4599609375,63619330,1653.4599609375,2018-01-24
1516838400,1699.8499755859375,1601.02001953125,1653.4599609375,1632.1099853515625,51824161,1632.1099853515625,2018-01-25
1516924800,1672.5,1485.56005859375,1631.9599609375,1594.6700439453125,82441054,1594.6700439453125,2018-01-26
1517011200,1664.050048828125,1559.97998046875,1594.6700439453125,1632.0799560546875,49189009,1632.0799560546875,2018-01-27
1517097600,1755.530029296875,1631.93994140625,1632.0799560546875,1742.5400390625,98711706,1742.5400390625,2018-01-28
1517184000,1753.530029296875,1630.3399658203125,1742.5400390625,1650.3599853515625,49086467,1650.3599853515625,2018-01-29
1517270400,1653.4000244140625,1451.7900390625,1650.3299560546875,1462.989990234375,87724135,1462.989990234375,2018-01-30
1517356800,1519.81005859375,1397.97998046875,1462.93994140625,1487.1800537109375,71084957,1487.1800537109375,2018-01-31
1517443200,1497.56005859375,1205.3499755859375,1487.1800537109375,1267.989990234375,109869806,1267.989990234375,2018-02-01
1517529600,1269.81005859375,968.6799926757812,1267.989990234375,1192.1300048828125,143714769,1192.1300048828125,2018-02-02
1517616000,1318.52001953125,1066.8299560546875,1192.1300048828125,1273.0799560546875,66300292,1273.0799560546875,2018-02-03
1517702400,1289.47998046875,1091.239990234375,1273.3299560546875,1158.5699462890625,66945106,1158.5699462890625,2018-02-04
1517788800,1175.1700439453125,827.3800048828125,1158.6300048828125,884.0,106539840,884.0,2018-02-05
1517875200,977.5900268554688,758.4299926757812,884.280029296875,966.7899780273438,148384673,966.7899780273438,2018-02-06
1517961600,1035.9200439453125,896.52001953125,966.8699951171875,954.3400268554688,79923338,954.3400268554688,2018-02-07
1518048000,1355.1500244140625,947.530029296875,954.8099975585938,1280.550048828125,214474236,1280.550048828125,2018-02-08
1518134400,1338.2900390625,1191.77001953125,1280.550048828125,1299.969970703125,114267322,1299.969970703125,2018-02-09
1518220800,1381.6300048828125,1198.6800537109375,1299.969970703125,1240.6199951171875,93963908,1240.6199951171875,2018-02-10
1518307200,1298.300048828125,1188.469970703125,1240.5400390625,1210.989990234375,67332282,1210.989990234375,2018-02-11
1518393600,1293.050048828125,1208.8900146484375,1211.030029296875,1282.6300048828125,40345803,1282.6300048828125,2018-02-12
1518480000,1285.27001953125,1200.31005859375,1282.050048828125,1220.8900146484375,44591425,1220.8900146484375,2018-02-13
1518566400,1376.4100341796875,1220.510009765625,1220.75,1353.1800537109375,79707919,1353.1800537109375,2018-02-14
1518652800,1392.6600341796875,1310.219970703125,1353.18994140625,1359.469970703125,82442472,1359.469970703125,2018-02-15
1518739200,1547.530029296875,1355.449951171875,1359.469970703125,1530.43994140625,138109049,1530.43994140625,2018-02-16
1518825600,1553.4200439453125,1502.280029296875,1530.4200439453125,1543.2099609375,63990375,1543.2099609375,2018-02-17
1518912000,1635.5999755859375,1395.5899658203125,1543.2099609375,1453.3699951171875,114117616,1453.3699951171875,2018-02-18
1518998400,1543.780029296875,1452.280029296875,1453.199951171875,1521.9200439453125,53611463,1521.9200439453125,2018-02-19
1519084800,1553.989990234375,1382.5899658203125,1521.8800048828125,1393.77001953125,88749089,1393.77001953125,2018-02-20
1519171200,1407.4599609375,1269.280029296875,1393.760009765625,1287.06005859375,103151392,1287.06005859375,2018-02-21
1519257600,1341.780029296875,1178.2900390625,1287.030029296875,1210.0,68674973,1210.0,2018-02-22
1519344000,1314.0999755859375,1148.949951171875,1209.97998046875,1256.52001953125,68204427,1256.52001953125,2018-02-23
1519430400,1299.760009765625,1136.3599853515625,1256.72998046875,1182.030029296875,50410015,1182.030029296875,2018-02-24
1519516800,1203.52001953125,1137.1199951171875,1182.030029296875,1172.5799560546875,35860331,1172.5799560546875,2018-02-25
1519603200,1271.0400390625,1142.9200439453125,1172.5799560546875,1244.4200439453125,52096798,1244.4200439453125,2018-02-26
1519689600,1295.4599609375,1218.7900390625,1244.4200439453125,1234.199951171875,43526909,1234.199951171875,2018-02-27
1519776000,1275.6600341796875,1198.75,1234.1700439453125,1200.3299560546875,36633612,1200.3299560546875,2018-02-28
1519862400,1303.1199951171875,1189.699951171875,1200.3299560546875,1285.010009765625,49698398,1285.010009765625,2018-03-01
1519948800,1303.3800048828125,1254.93994140625,1284.9000244140625,1276.6400146484375,34180148,1276.6400146484375,2018-03-02
1520035200,1298.18994140625,1258.199951171875,1276.6400146484375,1272.260009765625,23806066,1272.260009765625,2018-03-03
1520121600,1291.25,1224.25,1272.260009765625,1285.239990234375,24322755,1285.239990234375,2018-03-04
1520208000,1291.8399658203125,1265.9300537109375,1285.239990234375,1266.9300537109375,21796123,1266.9300537109375,2018-03-05
1520294400,1266.9300537109375,1176.5799560546875,1266.9300537109375,1207.4300537109375,34034339,1207.4300537109375,2018-03-06
1520380800,1223.5,1039.56005859375,1207.489990234375,1095.9100341796875,61717752,1095.9100341796875,2018-03-07
1520467200,1116.1800537109375,997.27001953125,1095.2099609375,1033.9599609375,54449069,1033.9599609375,2018-03-08
1520553600,1076.2099609375,926.6900024414062,1033.9599609375,1065.68994140625,74990482,1065.68994140625,2018-03-09
1520640000,1089.1600341796875,990.530029296875,1065.68994140625,1003.780029296875,36509623,1003.780029296875,2018-03-10
1520726400,1157.260009765625,969.3900146484375,1003.780029296875,1138.8399658203125,63353716,1138.8399658203125,2018-03-11
1520812800,1150.219970703125,1012.0599975585938,1138.8399658203125,1051.06005859375,56197766,1051.06005859375,2018-03-12
1520899200,1099.8299560546875,994.6099853515625,1051.06005859375,1053.550048828125,73859997,1053.550048828125,2018-03-13
1520985600,1072.3800048828125,918.4099731445312,1053.719970703125,950.280029296875,45006196,950.280029296875,2018-03-14
1521072000,955.7000122070312,874.6300048828125,950.280029296875,939.6799926757812,46027181,939.6799926757812,2018-03-15
1521158400,1063.1800537109375,897.780029296875,939.6799926757812,972.3699951171875,67652711,972.3699951171875,2018-03-16
1521244800,1030.739990234375,929.3699951171875,972.280029296875,948.9299926757812,43519077,948.9299926757812,2018-03-17
1521331200,952.2899780273438,848.5800170898438,949.4500122070312,936.27001953125,54591156,936.27001953125,2018-03-18
1521417600,1000.0700073242188,912.280029296875,936.280029296875,994.6699829101562,58729088,994.6699829101562,2018-03-19
1521504000,1074.0699462890625,953.3800048828125,994.3599853515625,1062.8199462890625,65725834,1062.8199462890625,2018-03-20
1521590400,1084.510009765625,1009.3699951171875,1062.8199462890625,1031.780029296875,41647329,1031.780029296875,2018-03-21
1521676800,1065.18994140625,987.4400024414062,1031.75,1015.1900024414062,38596693,1015.1900024414062,2018-03-22
1521763200,1030.6199951171875,963.719970703125,1015.1900024414062,1029.739990234375,32361593,1029.739990234375,2018-03-23
1521849600,1036.050048828125,974.489990234375,1029.6500244140625,975.9400024414062,22789755,975.9400024414062,2018-03-24
1521936000,994.0,969.6300048828125,975.9400024414062,975.3800048828125,19901849,975.3800048828125,2018-03-25
1522018800,980.0999755859375,886.1799926757812,975.3800048828125,913.739990234375,32326463,913.739990234375,2018-03-25
1522105200,928.6500244140625,873.72998046875,913.739990234375,877.6900024414062,31192960,877.6900024414062,2018-03-26
1522191600,897.9400024414062,850.8699951171875,877.6900024414062,861.1799926757812,28131311,861.1799926757812,2018-03-27
1522278000,869.2899780273438,696.5499877929688,861.1599731445312,711.1300048828125,84465419,711.1300048828125,2018-03-28
1522364400,772.1099853515625,675.1099853515625,711.1300048828125,696.9299926757812,66701444,696.9299926757812,2018-03-29
1522450800,737.7100219726562,681.7100219726562,696.97998046875,685.469970703125,31372272,685.469970703125,2018-03-30
1522537200,700.6900024414062,627.0800170898438,685.469970703125,644.25,42473944,644.25,2018-03-31
1522623600,687.9000244140625,639.4000244140625,644.0999755859375,663.97998046875,25140139,663.97998046875,2018-04-01
1522710000,724.9000244140625,660.280029296875,663.97998046875,710.1300048828125,29654275,710.1300048828125,2018-04-02
1522796400,711.4299926757812,638.3900146484375,710.1300048828125,651.52001953125,37251371,651.52001953125,2018-04-03
1522882800,659.22998046875,620.7000122070312,651.530029296875,644.0999755859375,24056410,644.0999755859375,2018-04-04
1522969200,648.760009765625,604.02001953125,644.0999755859375,610.8900146484375,25194290,610.8900146484375,2018-04-05
1523055600,657.27001953125,610.6900024414062,610.9000244140625,642.6500244140625,21177510,642.6500244140625,2018-04-06
1523142000,663.030029296875,640.3599853515625,642.6500244140625,657.4400024414062,11811319,657.4400024414062,2018-04-07
1523228400,685.239990234375,627.010009765625,657.4400024414062,638.72998046875,21427207,638.72998046875,2018-04-08
1523314800,660.3400268554688,627.02001953125,638.72998046875,652.5800170898438,14140291,652.5800170898438,2018-04-09
1523401200,671.1699829101562,651.5999755859375,652.780029296875,670.0599975585938,20148758,670.0599975585938,2018-04-10
1523487600,740.8200073242188,658.6699829101562,670.0599975585938,737.8400268554688,59525564,737.8400268554688,2018-04-11
1523574000,786.1500244140625,722.8099975585938,737.8400268554688,743.27001953125,50554153,743.27001953125,2018-04-12
1523660400,762.1699829101562,720.3699951171875,743.27001953125,739.1599731445312,20328761,739.1599731445312,2018-04-13
1523746800,788.4500122070312,739.1599731445312,739.1599731445312,782.0499877929688,25358793,782.0499877929688,2018-04-14
1523833200,800.780029296875,745.0499877929688,782.0499877929688,769.8099975585938,34201319,769.8099975585938,2018-04-15
1523919600,789.7100219726562,755.3300170898438,769.8099975585938,759.77001953125,25887561,759.77001953125,2018-04-16
1524006000,901.3300170898438,758.719970703125,759.77001953125,895.4500122070312,73810458,895.4500122070312,2018-04-17
1524092400,984.530029296875,879.9000244140625,895.6799926757812,966.6300048828125,81766110,966.6300048828125,2018-04-18
1524178800,1151.300048828125,943.0900268554688,966.6300048828125,1124.6700439453125,154352797,1124.6700439453125,2018-04-19
1524265200,1188.6700439453125,1017.5999755859375,1125.2900390625,1154.449951171875,154795305,1154.449951171875,2018-04-20
1524351600,1260.1300048828125,1110.280029296875,1154.449951171875,1195.6400146484375,144092452,1195.6400146484375,2018-04-21
1524438000,1457.2900390625,1193.3299560546875,1195.6400146484375,1440.949951171875,309318983,1440.949951171875,2018-04-22
1524524400,1569.3499755859375,1391.2099609375,1440.949951171875,1407.550048828125,366818528,1407.550048828125,2018-04-23
1524610800,1438.199951171875,1226.8699951171875,1407.56005859375,1289.8599853515625,381199575,1289.8599853515625,2018-04-24
1524697200,1425.9300537109375,1244.3900146484375,1289.8599853515625,1421.8699951171875,174556815,1421.8699951171875,2018-04-25
1524783600,1423.3199462890625,1327.8199462890625,1421.25,1331.969970703125,127133720,1331.969970703125,2018-04-26
1524870000,1416.75,1320.989990234375,1331.969970703125,1390.6400146484375,76830254,1390.6400146484375,2018-04-27
1524956400,1483.9000244140625,1367.280029296875,1390.6400146484375,1440.0899658203125,118771919,1440.0899658203125,2018-04-28
1525042800,1447.31005859375,1332.06005859375,1440.0899658203125,1348.27001953125,74604340,1348.27001953125,2018-04-29
1525129200,1360.2099609375,1244.3199462890625,1348.4000244140625,1354.280029296875,95214620,1354.280029296875,2018-04-30
1525215600,1490.5799560546875,1323.9000244140625,1354.280029296875,1457.0799560546875,140930581,1457.0799560546875,2018-05-01
1525302000,1539.8900146484375,1448.8199462890625,1457.0799560546875,1507.3599853515625,168151101,1507.3599853515625,2018-05-02
1525388400,1538.8299560546875,1459.010009765625,1507.6500244140625,1513.2900390625,97222464,1513.2900390625,2018-05-03
1525474800,1758.5899658203125,1509.8299560546875,1513.2900390625,1758.5899658203125,200830189,1758.5899658203125,2018-05-04
1525561200,1843.6600341796875,1635.47998046875,1758.5899658203125,1756.5699462890625,245512548,1756.5699462890625,2018-05-05
1525647600,1779.199951171875,1562.5799560546875,1756.5699462890625,1651.3900146484375,179642018,1651.3900146484375,2018-05-06
1525734000,1694.8699951171875,1550.699951171875,1651.3900146484375,1599.52001953125,132524367,1599.52001953125,2018-05-07
1525820400,1676.3900146484375,1459.6700439453125,1599.52001953125,1626.6300048828125,158636690,1626.6300048828125,2018-05-08
1525906800,1665.050048828125,1508.800048828125,1626.739990234375,1519.8399658203125,135411694,1519.8399658203125,2018-05-09
1525993200,1556.6700439453125,1309.56005859375,1519.8399658203125,1367.010009765625,250733936,1367.010009765625,2018-05-10
1526079600,1503.5899658203125,1269.1700439453125,1367.010009765625,1458.550048828125,192556727,1458.550048828125,2018-05-11
1526166000,1497.3399658203125,1404.93994140625,1458.550048828125,1478.75,105948682,1478.75,2018-05-12
1526252400,1493.7900390625,1329.1300048828125,1478.75,1412.969970703125,163658298,1412.969970703125,2018-05-13
1526338800,1453.0899658203125,1310.739990234375,1412.969970703125,1337.530029296875,133975697,1337.530029296875,2018-05-14
1526425200,1355.9100341796875,1216.5899658203125,1337.530029296875,1280.1099853515625,129995294,1280.1099853515625,2018-05-15
1526511600,1344.0400390625,1166.469970703125,1280.1099853515625,1192.8800048828125,106796700,1192.8800048828125,2018-05-16
1526598000,1218.300048828125,1130.3800048828125,1192.8800048828125,1203.3199462890625,107567516,1203.3199462890625,2018-05-17
1526684400,1214.280029296875,1148.8399658203125,1203.3199462890625,1177.02001953125,39959789,1177.02001953125,2018-05-18
1526770800,1310.5699462890625,1165.81005859375,1177.02001953125,1291.5899658203125,94658247,1291.5899658203125,2018-05-19
1526857200,1301.2099609375,1212.3599853515625,1291.5899658203125,1229.050048828125,64142112,1229.050048828125,2018-05-20
1526943600,1230.02001953125,1122.3800048828125,1229.050048828125,1135.1500244140625,86991398,1135.1500244140625,2018-05-21
1527030000,1152.5799560546875,968.4299926757812,1135.1400146484375,994.3699951171875,146261127,994.3699951171875,2018-05-22
1527116400,1080.3699951171875,945.77001953125,994.239990234375,1073.9000244140625,109144652,1073.9000244140625,2018-05-23
1527202800,1074.989990234375,985.4000244140625,1073.9000244140625,1016.4500122070312,79498329,1016.4500122070312,2018-05-24
1527289200,1046.7900390625,996.1900024414062,1016.4500122070312,1006.4600219726562,41313070,1006.4600219726562,2018-05-25
1527375600,1009.510009765625,978.0,1006.4600219726562,996.47998046875,41497870,996.47998046875,2018-05-26
1527462000,1005.510009765625,872.4099731445312,996.47998046875,883.1799926757812,66464558,883.1799926757812,2018-05-27
1527548400,1006.7100219726562,872.9400024414062,883.1799926757812,988.0599975585938,104520371,988.0599975585938,2018-05-28
1527634800,1029.1700439453125,949.5399780273438,988.0399780273438,982.8699951171875,81875881,982.8699951171875,2018-05-29
1527721200,1030.97998046875,972.6099853515625,982.8699951171875,996.47998046875,73969184,996.47998046875,2018-05-30
1527807600,1012.1300048828125,975.5,996.52001953125,1001.8599853515625,45598262,1001.8599853515625,2018-05-31
1527894000,1099.5400390625,992.6300048828125,1001.8599853515625,1084.219970703125,65292437,1084.219970703125,2018-06-01
1527980400,1192.8599853515625,1073.0999755859375,1084.219970703125,1168.4100341796875,121830441,1168.4100341796875,2018-06-02
1528066800,1210.8499755859375,1075.25,1168.4300537109375,1097.9000244140625,138533392,1097.9000244140625,2018-06-03
1528153200,1158.5,1047.1300048828125,1097.9000244140625,1150.06005859375,98390092,1150.06005859375,2018-06-04
1528239600,1156.5899658203125,1097.5799560546875,1150.06005859375,1129.1199951171875,91936744,1129.1199951171875,2018-06-05
1528326000,1168.68994140625,1127.43994140625,1129.1199951171875,1144.550048828125,68385230,1144.550048828125,2018-06-06
1528412400,1149.47998046875,1087.6400146484375,1144.550048828125,1115.050048828125,57948851,1115.050048828125,2018-06-07
1528498800,1139.25,1084.010009765625,1115.050048828125,1085.6500244140625,41238418,1085.6500244140625,2018-06-08
1528585200,1086.4599609375,898.760009765625,1085.739990234375,937.2100219726562,142156156,937.2100219726562,2018-06-09
1528671600,980.5599975585938,896.72998046875,935.9000244140625,954.260009765625,83391163,954.260009765625,2018-06-10
1528758000,959.6300048828125,851.0599975585938,954.260009765625,870.75,77008744,870.75,2018-06-11
1528844400,882.719970703125,802.280029296875,870.739990234375,842.8200073242188,79282537,842.8200073242188,2018-06-12
1528930800,907.6599731445312,828.3900146484375,842.8200073242188,895.3599853515625,70845642,895.3599853515625,2018-06-13
1529017200,897.8300170898438,836.6599731445312,895.3300170898438,842.6099853515625,39291397,842.6099853515625,2018-06-14
1529103600,859.8300170898438,829.6300048828125,842.6099853515625,850.030029296875,26287863,850.030029296875,2018-06-15
1529190000,862.4299926757812,843.3800048828125,850.030029296875,847.280029296875,16592249,847.280029296875,2018-06-16
1529276400,899.77001953125,824.780029296875,847.280029296875,884.9099731445312,41409173,884.9099731445312,2018-06-17
1529362800,928.8599853515625,874.3499755859375,884.9099731445312,907.6900024414062,45928501,907.6900024414062,2018-06-18
1529449200,907.9600219726562,863.5900268554688,907.6900024414062,891.9400024414062,54405712,891.9400024414062,2018-06-19
1529535600,906.02001953125,866.9199829101562,891.9400024414062,871.5800170898438,29697468,871.5800170898438,2018-06-20
1529622000,874.0499877929688,720.1099853515625,871.5900268554688,751.4099731445312,112671384,751.4099731445312,2018-06-21
1529708400,777.6699829101562,732.5,751.4099731445312,762.4199829101562,40505389,762.4199829101562,2018-06-22
1529794800,771.75,662.5999755859375,762.4199829101562,747.1799926757812,93086099,747.1799926757812,2018-06-23
1529881200,779.4400024414062,734.8800048828125,747.1900024414062,754.22998046875,49903670,754.22998046875,2018-06-24
1529967600,757.8599853515625,693.1500244140625,754.22998046875,695.3800048828125,38078700,695.3800048828125,2018-06-25
1530054000,722.52001953125,687.3499755859375,695.4500122070312,713.3800048828125,44089146,713.3800048828125,2018-06-26
1530140400,723.0399780273438,649.510009765625,713.3800048828125,658.969970703125,40003702,658.969970703125,2018-06-27
1530226800,739.5900268554688,648.739990234375,658.969970703125,715.5,55895762,715.5,2018-06-28
1530313200,785.739990234375,715.5,715.5,747.6099853515625,63902832,747.6099853515625,2018-06-29
1530399600,753.1900024414062,715.72998046875,747.8499755859375,736.9099731445312,27029443,736.9099731445312,2018-06-30
1530486000,796.27001953125,721.6699829101562,736.9099731445312,781.02001953125,53128466,781.02001953125,2018-07-01
1530572400,830.7899780273438,751.489990234375,781.1500244140625,755.8300170898438,72030879,755.8300170898438,2018-07-02
1530658800,810.0999755859375,738.6099853515625,755.7999877929688,763.4099731445312,55547130,763.4099731445312,2018-07-03
1530745200,785.719970703125,715.5399780273438,763.4099731445312,743.02001953125,58005429,743.02001953125,2018-07-04
1530831600,743.0800170898438,698.9000244140625,743.02001953125,732.780029296875,34747645,732.780029296875,2018-07-05
1530918000,774.3200073242188,708.8699951171875,732.780029296875,772.760009765625,28613968,772.760009765625,2018-07-06
1531004400,781.2100219726562,741.0599975585938,772.760009765625,749.2000122070312,32105376,749.2000122070312,2018-07-07
1531090800,759.8499755859375,726.5900268554688,749.2000122070312,729.5900268554688,31225217,729.5900268554688,2018-07-08
1531177200,736.3400268554688,685.1099853515625,729.5900268554688,686.77001953125,43738818,686.77001953125,2018-07-09
1531263600,711.989990234375,683.8900146484375,686.77001953125,707.0999755859375,26268587,707.0999755859375,2018-07-10
1531350000,707.0999755859375,662.77001953125,707.0999755859375,686.8400268554688,34346196,686.8400268554688,2018-07-11
1531436400,712.8699951171875,685.77001953125,686.9000244140625,694.22998046875,26274035,694.22998046875,2018-07-12
1531522800,712.219970703125,687.0999755859375,694.22998046875,702.02001953125,13256762,702.02001953125,2018-07-13
1531609200,732.5900268554688,698.489990234375,702.02001953125,724.1699829101562,21683866,724.1699829101562,2018-07-14
1531695600,810.5499877929688,717.4500122070312,724.1699829101562,801.5999755859375,73268518,801.5999755859375,2018-07-15
1531782000,874.1699829101562,782.9299926757812,801.5999755859375,852.7899780273438,91768694,852.7899780273438,2018-07-16
1531868400,888.760009765625,805.6599731445312,852.7899780273438,824.3900146484375,72262923,824.3900146484375,2018-07-17
1531954800,844.47998046875,805.6199951171875,824.3900146484375,824.27001953125,41050988,824.27001953125,2018-07-18
1532041200,824.2899780273438,761.02001953125,824.27001953125,764.9199829101562,53890147,764.9199829101562,2018-07-19
1532127600,799.52001953125,741.8300170898438,764.9299926757812,787.280029296875,23974589,787.280029296875,2018-07-20
1532214000,820.8300170898438,777.1300048828125,787.280029296875,785.2100219726562,29264746,785.2100219726562,2018-07-21
1532300400,833.9000244140625,778.8200073242188,785.2100219726562,781.9099731445312,54854241,781.9099731445312,2018-07-22
1532386800,876.1799926757812,770.2999877929688,781.9099731445312,865.8599853515625,89365798,865.8599853515625,2018-07-23
1532473200,876.6300048828125,819.1199951171875,865.8599853515625,831.22998046875,49966470,831.22998046875,2018-07-24
1532559600,860.9600219726562,791.510009765625,831.22998046875,804.030029296875,37021659,804.030029296875,2018-07-25
1532646000,829.77001953125,781.5900268554688,804.030029296875,820.010009765625,35713795,820.010009765625,2018-07-26
1532732400,827.02001953125,801.0499877929688,820.010009765625,822.8099975585938,16075768,822.8099975585938,2018-07-27
1532818800,839.4299926757812,814.0700073242188,822.8099975585938,830.3099975585938,22318264,830.3099975585938,2018-07-28
1532905200,833.4299926757812,784.5399780273438,830.3099975585938,814.47998046875,40141136,814.47998046875,2018-07-29
1532991600,814.7899780273438,759.8300170898438,814.47998046875,776.27001953125,34619168,776.27001953125,2018-07-30
1533078000,777.72998046875,735.1199951171875,776.27001953125,767.8300170898438,53229988,767.8300170898438,2018-07-31
1533164400,773.22998046875,722.7999877929688,767.8300170898438,731.030029296875,20556678,731.030029296875,2018-08-01
1533250800,731.030029296875,700.8099975585938,731.030029296875,724.780029296875,26135173,724.780029296875,2018-08-02
1533337200,736.969970703125,689.760009765625,724.780029296875,695.8599853515625,19870749,695.8599853515625,2018-08-03
1533423600,716.6900024414062,687.760009765625,695.8599853515625,709.1699829101562,15111298,709.1699829101562,2018-08-04
1533510000,717.0599975585938,681.9600219726562,709.1699829101562,690.9600219726562,19452059,690.9600219726562,2018-08-05
1533596400,712.219970703125,646.7899780273438,690.9600219726562,657.0499877929688,32957166,657.0499877929688,2018-08-06
1533682800,657.260009765625,565.5700073242188,657.0499877929688,588.6300048828125,65864135,588.6300048828125,2018-08-07
1533769200,620.4400024414062,577.6400146484375,588.6300048828125,608.9500122070312,29922895,608.9500122070312,2018-08-08
1533855600,612.4099731445312,558.4400024414062,608.9500122070312,570.3200073242188,30446730,570.3200073242188,2018-08-09
1533942000,582.9299926757812,538.0499877929688,570.3200073242188,563.1799926757812,28931301,563.1799926757812,2018-08-10
1534028400,587.8300170898438,555.0,563.2000122070312,571.3599853515625,19112794,571.3599853515625,2018-08-11
1534114800,593.0599975585938,522.5399780273438,571.3599853515625,531.5800170898438,28899828,531.5800170898438,2018-08-12
1534201200,531.77001953125,472.67999267578125,531.5999755859375,510.260009765625,43252496,510.260009765625,2018-08-13
1534287600,540.260009765625,503.2200012207031,510.260009765625,511.19000244140625,32494939,511.19000244140625,2018-08-14
1534374000,538.0,504.1300048828125,511.19000244140625,516.1199951171875,27620387,516.1199951171875,2018-08-15
1534460400,604.8699951171875,515.3800048828125,516.1099853515625,603.6900024414062,29708290,603.6900024414062,2018-08-16
1534546800,610.6099853515625,536.6699829101562,603.7000122070312,554.8900146484375,26713631,554.8900146484375,2018-08-17
1534633200,582.3699951171875,541.3599853515625,554.8900146484375,570.969970703125,19700882,570.969970703125,2018-08-18
1534719600,576.3499755859375,509.2799987792969,570.969970703125,513.4299926757812,30091736,513.4299926757812,2018-08-19
1534806000,542.9299926757812,510.82000732421875,513.4299926757812,536.469970703125,18747634,536.469970703125,2018-08-20
1534892400,575.2100219726562,509.4700012207031,536.4400024414062,518.4199829101562,33213202,518.4199829101562,2018-08-21
1534978800,534.030029296875,513.52001953125,518.4600219726562,529.9099731445312,14135584,529.9099731445312,2018-08-22
1535065200,538.9000244140625,520.1699829101562,529.9099731445312,533.4500122070312,12928440,533.4500122070312,2018-08-23
1535151600,544.8499755859375,528.0800170898438,533.4299926757812,536.489990234375,9015969,536.489990234375,2018-08-24
1535238000,536.530029296875,515.47998046875,536.489990234375,523.97998046875,9725627,523.97998046875,2018-08-25
1535324400,554.3200073242188,520.0700073242188,523.97998046875,549.2999877929688,16642654,549.2999877929688,2018-08-26
1535410800,574.010009765625,541.0399780273438,549.260009765625,565.280029296875,22236983,565.280029296875,2018-08-27
1535497200,568.9000244140625,545.4000244140625,565.280029296875,554.52001953125,18104853,554.52001953125,2018-08-28
1535583600,557.0700073242188,525.8200073242188,554.530029296875,538.72998046875,16481797,538.72998046875,2018-08-29
1535670000,547.489990234375,533.530029296875,538.72998046875,542.219970703125,11824110,542.219970703125,2018-08-30
1535756400,631.5900268554688,541.4500122070312,542.219970703125,617.7899780273438,49007675,617.7899780273438,2018-08-31
1535842800,659.2899780273438,602.1400146484375,617.7899780273438,651.0499877929688,52344931,651.0499877929688,2018-09-01
1535929200,656.2000122070312,623.010009765625,651.280029296875,628.2999877929688,30792517,628.2999877929688,2018-09-02
1536015600,650.1699829101562,621.1900024414062,628.2999877929688,626.3300170898438,31572643,626.3300170898438,2018-09-03
1536102000,632.3599853515625,523.1199951171875,626.3400268554688,526.7999877929688,58565824,526.7999877929688,2018-09-04
1536188400,529.02001953125,486.8800048828125,526.7999877929688,519.4299926757812,47105611,519.4299926757812,2018-09-05
1536274800,528.27001953125,492.8500061035156,519.4299926757812,497.42999267578125,20843953,497.42999267578125,2018-09-06
1536361200,505.6199951171875,463.2799987792969,497.42999267578125,474.239990234375,21555031,474.239990234375,2018-09-07
1536447600,494.7699890136719,463.3800048828125,474.239990234375,479.2099914550781,17261834,479.2099914550781,2018-09-08
1536534000,488.55999755859375,459.3800048828125,479.2099914550781,466.5400085449219,16679099,466.5400085449219,2018-09-09
1536620400,477.239990234375,425.45001220703125,466.5400085449219,439.8999938964844,25100909,439.8999938964844,2018-09-10
1536706800,439.9800109863281,410.5199890136719,439.8999938964844,431.7200012207031,29392802,431.7200012207031,2018-09-11
1536793200,475.94000244140625,431.25,431.7300109863281,463.7200012207031,34702484,463.7200012207031,2018-09-12
1536879600,475.57000732421875,439.7699890136719,463.6099853515625,447.5,25799557,447.5,2018-09-13
1536966000,460.7799987792969,443.5899963378906,447.489990234375,448.8999938964844,12914601,448.8999938964844,2018-09-14
1537052400,451.5299987792969,426.44000244140625,448.8699951171875,450.4599914550781,12182216,450.4599914550781,2018-09-15
1537138800,462.3599853515625,408.54998779296875,450.4599914550781,417.54998779296875,32071089,417.54998779296875,2018-09-16
1537225200,449.7099914550781,412.25,417.54998779296875,432.69000244140625,27249147,432.69000244140625,2018-09-17
1537311600,442.5199890136719,408.4599914550781,432.6400146484375,429.79998779296875,28649317,429.79998779296875,2018-09-18
1537398000,467.3500061035156,423.4599914550781,429.79998779296875,456.1199951171875,27797015,456.1199951171875,2018-09-19
1537484400,510.6099853515625,449.739990234375,456.1199951171875,501.92999267578125,56292439,501.92999267578125,2018-09-20
1537570800,510.9599914550781,470.1499938964844,501.92999267578125,485.42999267578125,28553494,485.42999267578125,2018-09-21
1537657200,509.04998779296875,477.239990234375,485.42999267578125,489.5299987792969,19973994,489.5299987792969,2018-09-22
1537743600,492.9700012207031,456.2099914550781,489.5299987792969,462.3900146484375,26841286,462.3900146484375,2018-09-23
1537830000,462.4700012207031,424.55999755859375,462.3900146484375,446.3399963378906,31894190,446.3399963378906,2018-09-24
1537916400,551.9500122070312,433.44000244140625,446.3399963378906,514.22998046875,117166616,514.22998046875,2018-09-25
1538002800,588.719970703125,513.0599975585938,514.22998046875,566.030029296875,133187147,566.030029296875,2018-09-26
1538089200,576.1699829101562,530.6199951171875,566.0399780273438,539.2899780273438,57755776,539.2899780273438,2018-09-27
1538175600,560.4500122070312,510.44000244140625,539.2899780273438,538.2100219726562,37545574,538.2100219726562,2018-09-28
1538262000,552.1400146484375,517.0900268554688,538.2100219726562,530.760009765625,29426591,530.760009765625,2018-09-29
1538348400,542.6099853515625,520.5499877929688,530.760009765625,532.4000244140625,27176277,532.4000244140625,2018-09-30
1538434800,552.4299926757812,522.4199829101562,532.4600219726562,531.739990234375,33002215,531.739990234375,2018-10-01
1538521200,532.780029296875,506.010009765625,531.739990234375,516.2999877929688,30392296,516.2999877929688,2018-10-02
1538607600,531.219970703125,507.8500061035156,516.3099975585938,513.6900024414062,19892322,513.6900024414062,2018-10-03
1538694000,527.0599975585938,510.5299987792969,513.6900024414062,520.3699951171875,14431078,520.3699951171875,2018-10-04
1538780400,521.4299926757812,501.9200134277344,520.3699951171875,509.92999267578125,14019498,509.92999267578125,2018-10-05
1538866800,525.5499877929688,505.57000732421875,509.95001220703125,519.6599731445312,15886038,519.6599731445312,2018-10-06
1538953200,534.0800170898438,517.5700073242188,519.6599731445312,529.8599853515625,19111969,529.8599853515625,2018-10-07
1539039600,530.02001953125,515.6900024414062,529.8599853515625,518.9199829101562,12153999,518.9199829101562,2018-10-08
1539126000,519.1199951171875,507.75,518.9199829101562,513.6199951171875,18728058,513.6199951171875,2018-10-09
1539212400,513.719970703125,426.4599914550781,513.6199951171875,431.4700012207031,58768665,431.4700012207031,2018-10-10
1539298800,455.0299987792969,426.1199951171875,431.67999267578125,441.0,18671646,441.0,2018-10-11
1539385200,451.1099853515625,440.2799987792969,441.0,449.92999267578125,9470666,449.92999267578125,2018-10-12
1539471600,454.260009765625,436.3399963378906,449.92999267578125,438.989990234375,11254615,438.989990234375,2018-10-13
1539558000,509.79998779296875,432.5,438.989990234375,463.1099853515625,65292700,463.1099853515625,2018-10-14
1539644400,474.3999938964844,447.8500061035156,463.1099853515625,458.989990234375,16410383,458.989990234375,2018-10-15
1539730800,459.5199890136719,446.989990234375,459.1300048828125,450.8699951171875,17608046,450.8699951171875,2018-10-16
1539817200,459.20001220703125,432.6499938964844,450.8699951171875,439.54998779296875,22679368,439.54998779296875,2018-10-17
1539903600,447.1000061035156,434.010009765625,439.54998779296875,441.989990234375,14289026,441.989990234375,2018-10-18
1539990000,453.6099853515625,438.1499938964844,442.07000732421875,449.57000732421875,9039725,449.57000732421875,2018-10-19
1540076400,459.0199890136719,448.2099914550781,449.57000732421875,451.07000732421875,13046808,451.07000732421875,2018-10-20
1540162800,454.6400146484375,444.75,451.07000732421875,452.57000732421875,9146964,452.57000732421875,2018-10-21
1540249200,454.2900085449219,439.2200012207031,452.57000732421875,444.8699951171875,11825085,444.8699951171875,2018-10-22
1540335600,453.260009765625,441.70001220703125,444.8699951171875,444.95001220703125,10689614,444.95001220703125,2018-10-23
1540422000,448.2799987792969,441.510009765625,444.95001220703125,442.7300109863281,7517283,442.7300109863281,2018-10-24
1540508400,446.19000244140625,437.70001220703125,442.7300109863281,441.1300048828125,10031527,441.1300048828125,2018-10-25
1540594800,441.6000061035156,436.0299987792969,441.1300048828125,438.4800109863281,7293205,438.4800109863281,2018-10-26
1540681200,441.79998779296875,437.0400085449219,438.4800109863281,441.1499938964844,5575762,441.1499938964844,2018-10-27
1540771200,441.4599914550781,412.6199951171875,441.1499938964844,416.510009765625,16236282,416.510009765625,2018-10-29
1540857600,423.989990234375,414.4800109863281,416.5,422.1600036621094,6854500,422.1600036621094,2018-10-30
1540944000,431.6000061035156,408.9800109863281,422.1099853515625,425.3599853515625,14584239,425.3599853515625,2018-10-31
1541030400,426.510009765625,421.9800109863281,425.3599853515625,425.0,6260989,425.0,2018-11-01
1541116800,473.6199951171875,424.44000244140625,425.0,463.79998779296875,36809595,463.79998779296875,2018-11-02
1541203200,486.9200134277344,457.739990234375,463.79998779296875,479.9599914550781,29123320,479.9599914550781,2018-11-03
1541289600,591.3200073242188,479.6300048828125,479.9599914550781,569.530029296875,151468799,569.530029296875,2018-11-04
1541376000,581.4199829101562,539.52001953125,569.530029296875,561.8499755859375,88701021,561.8499755859375,2018-11-05
1541462400,634.2899780273438,554.1799926757812,561.8499755859375,631.4500122070312,113372528,631.4500122070312,2018-11-06
1541548800,643.0800170898438,608.0399780273438,631.4500122070312,618.3200073242188,92706620,618.3200073242188,2018-11-07
1541635200,622.260009765625,573.4000244140625,618.3200073242188,576.75,86279430,576.75,2018-11-08
1541721600,600.6500244140625,526.2999877929688,576.75,544.3099975585938,92225896,544.3099975585938,2018-11-09
1541808000,566.010009765625,532.6599731445312,544.3300170898438,556.780029296875,45873471,556.780029296875,2018-11-10
1541894400,556.8200073242188,516.8499755859375,556.780029296875,533.77001953125,64605255,533.77001953125,2018-11-11
1541980800,541.2100219726562,502.7200012207031,533.77001953125,516.239990234375,112640688,516.239990234375,2018-11-12
1542067200,549.4500122070312,504.260009765625,516.239990234375,514.9199829101562,131050022,514.9199829101562,2018-11-13
1542153600,529.9000244140625,412.4800109863281,514.4299926757812,444.1600036621094,169811852,444.1600036621094,2018-11-14
1542240000,460.7900085449219,264.8399963378906,444.07000732421875,381.9800109863281,75199791,381.9800109863281,2018-11-15
1542326400,391.8900146484375,351.3800048828125,381.0,355.20001220703125,2231459,355.20001220703125,2018-11-16
1542412800,378.6400146484375,318.42999267578125,355.20001220703125,361.42999267578125,1833112,361.42999267578125,2018-11-17
1542499200,371.2799987792969,332.8800048828125,361.2799987792969,338.1000061035156,1522192,338.1000061035156,2018-11-18
1542585600,354.760009765625,254.1699981689453,338.0,266.1400146484375,1559363,266.1400146484375,2018-11-19
1542672000,315.1400146484375,222.27000427246094,266.19000244140625,247.5500030517578,887007,247.5500030517578,2018-11-20
1542758400,278.6499938964844,244.27000427246094,247.5500030517578,258.3399963378906,2122500,258.3399963378906,2018-11-21
1542844800,269.8699951171875,246.30999755859375,258.19000244140625,250.22000122070312,481025,250.22000122070312,2018-11-22
1542931200,259.1199951171875,227.8000030517578,250.22000122070312,229.97000122070312,278865,229.97000122070312,2018-11-23
1543017600,247.63999938964844,190.77000427246094,229.97000122070312,196.11000061035156,265230,196.11000061035156,2018-11-24
1543104000,217.69000244140625,173.33999633789062,195.6199951171875,205.3800048828125,356527,205.3800048828125,2018-11-25
1543190400,224.1199951171875,184.42999267578125,205.3800048828125,195.69000244140625,296754,195.69000244140625,2018-11-26
1543276800,242.16000366210938,182.5,195.69000244140625,205.27999877929688,217549,205.27999877929688,2018-11-27
1543363200,234.2899932861328,188.9499969482422,205.27999877929688,219.44000244140625,280959,219.44000244140625,2018-11-28
1543449600,224.0399932861328,198.2899932861328,222.57000732421875,208.27999877929688,283466,208.27999877929688,2018-11-29
1543536000,214.38999938964844,186.8800048828125,208.27999877929688,192.66000366210938,283469,192.66000366210938,2018-11-30
1543622400,210.0500030517578,187.24000549316406,195.6999969482422,196.0500030517578,250438,196.0500030517578,2018-12-01
1543708800,209.25999450683594,189.52999877929688,195.44000244140625,198.22999572753906,288500,198.22999572753906,2018-12-02
1543795200,201.9600067138672,175.80999755859375,198.22999572753906,181.8800048828125,331632,181.8800048828125,2018-12-03
1543881600,202.8800048828125,167.52000427246094,181.8800048828125,174.49000549316406,266292,174.49000549316406,2018-12-04
1543968000,189.8699951171875,147.9199981689453,174.49000549316406,151.4199981689453,222865,151.4199981689453,2018-12-05
1544054400,162.77999877929688,114.26000213623047,151.4199981689453,119.7699966430664,258905,119.7699966430664,2018-12-06
1544140800,128.6199951171875,96.66000366210938,119.7699966430664,104.9800033569336,5337938,104.9800033569336,2018-12-07
1544227200,109.27999877929688,95.48999786376953,104.9800033569336,100.29000091552734,4845660,100.29000091552734,2018-12-08
1544313600,111.36000061035156,98.8499984741211,100.29000091552734,107.37999725341797,6501455,107.37999725341797,2018-12-09
1544400000,109.29000091552734,99.66999816894531,107.37999725341797,102.16999816894531,2909709,102.16999816894531,2018-12-10
1544486400,102.16999816894531,92.9800033569336,102.16999816894531,95.70999908447266,3191963,95.70999908447266,2018-12-11
1544572800,100.44000244140625,94.97000122070312,95.70999908447266,97.02999877929688,1774167,97.02999877929688,2018-12-12
1544659200,97.22000122070312,86.4000015258789,97.02999877929688,87.11000061035156,3152924,87.11000061035156,2018-12-13
1544745600,88.55000305175781,76.04000091552734,87.11000061035156,79.72000122070312,6071163,79.72000122070312,2018-12-14
1544832000,81.44000244140625,73.83000183105469,79.72000122070312,76.44999694824219,2388660,76.44999694824219,2018-12-15
1544918400,82.38999938964844,76.44000244140625,76.44999694824219,79.05999755859375,2983773,79.05999755859375,2018-12-16
1545004800,92.0199966430664,78.73999786376953,79.05999755859375,88.47000122070312,4623729,88.47000122070312,2018-12-17
1545091200,106.87000274658203,85.4000015258789,88.47000122070312,104.4800033569336,11036558,104.4800033569336,2018-12-18
1545177600,146.19000244140625,102.30999755859375,104.4800033569336,126.62999725341797,36384073,126.62999725341797,2018-12-19
1545264000,212.69000244140625,124.05999755859375,126.62999725341797,192.61000061035156,81043647,192.61000061035156,2018-12-20
1545350400,231.39999389648438,172.35000610351562,192.61000061035156,192.63999938964844,90123801,192.63999938964844,2018-12-21
1545436800,205.74000549316406,182.33999633789062,192.63999938964844,197.72000122070312,35528967,197.72000122070312,2018-12-22
1545523200,211.35000610351562,189.1199951171875,197.72000122070312,196.75999450683594,29227568,196.75999450683594,2018-12-23
1545609600,214.5800018310547,176.66000366210938,196.75999450683594,181.77000427246094,46511508,181.77000427246094,2018-12-24
1545696000,182.5500030517578,150.64999389648438,181.77000427246094,171.4199981689453,33743785,171.4199981689453,2018-12-25
1545782400,187.49000549316406,163.8800048828125,171.4199981689453,175.67999267578125,23008335,175.67999267578125,2018-12-26
1545868800,178.1300048828125,145.9199981689453,175.67999267578125,148.4600067138672,19430935,148.4600067138672,2018-12-27
1545955200,179.27000427246094,141.6199951171875,148.4600067138672,174.33999633789062,26481621,174.33999633789062,2018-12-28
1546041600,176.9600067138672,161.63999938964844,174.33999633789062,162.52999877929688,14427719,162.52999877929688,2018-12-29
1546128000,164.8300018310547,158.13999938964844,162.52999877929688,163.22000122070312,9783009,163.22000122070312,2018-12-30
1546214400,163.64999389648438,146.5500030517578,163.22000122070312,149.22999572753906,9981144,149.22999572753906,2018-12-31
1546300800,166.39999389648438,148.05999755859375,149.22999572753906,165.02000427246094,12956870,165.02000427246094,2019-01-01
1546387200,174.97000122070312,161.3300018310547,165.02000427246094,171.6999969482422,14220887,171.6999969482422,2019-01-02
1546473600,177.0800018310547,156.60000610351562,171.6999969482422,160.99000549316406,11588674,160.99000549316406,2019-01-03
1546560000,164.1999969482422,153.25,160.99000549316406,160.63999938964844,9980589,160.63999938964844,2019-01-04
1546646400,166.35000610351562,157.22000122070312,160.63999938964844,159.3800048828125,8312667,159.3800048828125,2019-01-05
1546732800,168.91000366210938,158.0800018310547,159.3800048828125,166.38999938964844,10801193,166.38999938964844,2019-01-06
1546819200,167.94000244140625,159.39999389648438,166.38999938964844,160.88999938964844,6624238,160.88999938964844,2019-01-07
1546905600,164.02000427246094,157.50999450683594,160.88999938964844,161.30999755859375,7140897,161.30999755859375,2019-01-08
1546992000,162.25999450683594,157.5399932861328,161.30999755859375,160.44000244140625,5505506,160.44000244140625,2019-01-09
1547078400,165.72999572753906,130.3800048828125,160.44000244140625,134.22999572753906,24646517,134.22999572753906,2019-01-10
1547164800,134.22999572753906,127.73999786376953,134.22999572753906,130.49000549316406,11156229,130.49000549316406,2019-01-11
1547251200,138.08999633789062,130.0800018310547,130.49000549316406,133.8000030517578,8472596,133.8000030517578,2019-01-12
1547337600,135.47000122070312,122.31999969482422,133.8000030517578,125.37000274658203,7969088,125.37000274658203,2019-01-13
1547424000,137.24000549316406,123.3499984741211,125.37000274658203,133.16000366210938,9411990,133.16000366210938,2019-01-14
1547510400,134.16000366210938,125.66999816894531,133.16000366210938,126.9800033569336,7010000,126.9800033569336,2019-01-15
1547596800,131.5,126.5199966430664,126.9800033569336,128.30999755859375,4244799,128.30999755859375,2019-01-16
1547683200,131.80999755859375,124.91999816894531,128.30999755859375,130.27999877929688,4999397,130.27999877929688,2019-01-17
1547769600,130.8800048828125,125.41000366210938,130.27999877929688,127.30999755859375,3130374,127.30999755859375,2019-01-18
1547856000,132.27999877929688,126.75,127.30999755859375,129.77000427246094,3823846,129.77000427246094,2019-01-19
1547942400,130.83999633789062,120.79000091552734,129.77000427246094,122.41000366210938,5466497,122.41000366210938,2019-01-20
1548028800,124.0,120.70999908447266,122.41000366210938,122.18000030517578,2966180,122.18000030517578,2019-01-21
1548115200,131.69000244140625,116.69999694824219,122.18000030517578,127.97000122070312,8995406,127.97000122070312,2019-01-22
1548201600,135.6199951171875,127.19000244140625,127.97000122070312,132.11000061035156,11024345,132.11000061035156,2019-01-23
1548288000,132.1699981689453,126.63999938964844,132.11000061035156,129.4499969482422,4877100,129.4499969482422,2019-01-24
1548374400,129.6199951171875,125.58000183105469,129.4499969482422,127.08999633789062,3165737,127.08999633789062,2019-01-25
1548460800,129.17999267578125,125.31999969482422,127.08999633789062,125.94000244140625,2518550,125.94000244140625,2019-01-26
1548547200,126.5,118.0,125.94000244140625,121.4000015258789,3737223,121.4000015258789,2019-01-27
1548633600,121.5199966430664,105.5199966430664,121.4000015258789,111.52999877929688,12663652,111.52999877929688,2019-01-28
1548720000,112.22000122070312,106.19000244140625,111.52999877929688,109.61000061035156,5457904,109.61000061035156,2019-01-29
1548806400,120.58999633789062,107.91000366210938,109.61000061035156,117.2699966430664,8988394,117.2699966430664,2019-01-30
1548892800,120.98999786376953,112.79000091552734,117.2699966430664,113.58999633789062,6253935,113.58999633789062,2019-01-31
1548979200,117.94000244140625,110.80000305175781,113.58999633789062,115.26000213623047,6599782,115.26000213623047,2019-02-01
1549065600,121.91999816894531,114.81999969482422,115.26000213623047,121.0999984741211,5721700,121.0999984741211,2019-02-02
1549152000,121.44999694824219,116.1500015258789,121.0999984741211,118.13999938964844,4169735,118.13999938964844,2019-02-03
1549238400,119.98999786376953,116.86000061035156,118.13999938964844,118.16999816894531,2512881,118.16999816894531,2019-02-04
1549324800,118.91999816894531,115.79000091552734,118.16999816894531,116.58000183105469,2617098,116.58000183105469,2019-02-05
1549411200,121.81999969482422,110.58000183105469,116.58000183105469,114.18000030517578,11177947,114.18000030517578,2019-02-06
1549497600,116.81999969482422,113.33999633789062,114.18000030517578,114.88999938964844,3452137,114.88999938964844,2019-02-07
1549584000,131.99000549316406,113.58000183105469,114.88999938964844,128.94000244140625,16656273,128.94000244140625,2019-02-08
1549670400,129.77000427246094,125.12000274658203,128.94000244140625,127.97000122070312,4649994,127.97000122070312,2019-02-09
1549756800,128.3800048828125,120.9000015258789,127.97000122070312,126.48999786376953,6106215,126.48999786376953,2019-02-10
1549843200,126.55000305175781,120.02999877929688,126.48999786376953,121.55999755859375,4765103,121.55999755859375,2019-02-11
1549929600,123.22000122070312,117.80000305175781,121.55999755859375,121.94999694824219,4816880,121.94999694824219,2019-02-12
1550016000,126.66000366210938,120.2699966430664,121.94999694824219,121.72000122070312,5535081,121.72000122070312,2019-02-13
1550102400,123.5999984741211,119.1500015258789,121.72000122070312,120.66999816894531,7874902,120.66999816894531,2019-02-14
1550188800,123.8499984741211,119.94999694824219,120.66999816894531,120.98999786376953,3025358,120.98999786376953,2019-02-15
1550275200,123.06999969482422,120.16999816894531,120.98999786376953,121.4000015258789,2435341,121.4000015258789,2019-02-16
1550361600,125.0999984741211,120.30000305175781,121.4000015258789,123.91999816894531,5235194,123.91999816894531,2019-02-17
1550448000,149.39999389648438,123.91999816894531,123.91999816894531,143.35000610351562,29980189,143.35000610351562,2019-02-18
1550534400,151.0800018310547,141.0500030517578,143.35000610351562,141.60000610351562,20382397,141.60000610351562,2019-02-19
1550620800,148.38999938964844,138.64999389648438,141.60000610351562,147.13999938964844,12536022,147.13999938964844,2019-02-20
1550707200,147.8699951171875,139.08999633789062,147.13999938964844,141.6999969482422,9430249,141.6999969482422,2019-02-21
1550793600,145.02000427246094,140.0800018310547,141.6999969482422,143.75,7386570,143.75,2019-02-22
1550880000,154.07000732421875,140.47999572753906,143.75,154.07000732421875,13774907,154.07000732421875,2019-02-23
1550966400,157.66000366210938,127.1500015258789,154.07000732421875,127.29000091552734,23029130,127.29000091552734,2019-02-24
1551052800,138.6300048828125,127.16000366210938,127.29000091552734,134.0399932861328,12709952,134.0399932861328,2019-02-25
1551139200,138.00999450683594,131.02999877929688,134.0399932861328,132.82000732421875,6778061,132.82000732421875,2019-02-26
1551225600,134.47000122070312,126.2699966430664,132.82000732421875,131.19000244140625,7900648,131.19000244140625,2019-02-27
1551312000,133.50999450683594,128.6999969482422,131.19000244140625,130.1699981689453,8260262,130.1699981689453,2019-02-28
1551398400,133.50999450683594,129.38999938964844,130.1699981689453,131.41000366210938,3555827,131.41000366210938,2019-03-01
1551484800,132.10000610351562,128.6300048828125,131.41000366210938,130.77000427246094,2855804,130.77000427246094,2019-03-02
1551571200,131.91000366210938,128.8300018310547,130.77000427246094,129.63999938964844,2558259,129.63999938964844,2019-03-03
1551657600,130.4499969482422,121.37000274658203,129.63999938964844,123.69000244140625,7571530,123.69000244140625,2019-03-04
1551744000,134.1199951171875,122.93000030517578,123.69000244140625,132.82000732421875,7329635,132.82000732421875,2019-03-05
1551830400,133.9199981689453,129.36000061035156,132.82000732421875,131.77000427246094,5619067,131.77000427246094,2019-03-06
1551916800,133.47999572753906,129.67999267578125,131.77000427246094,130.41000366210938,4453661,130.41000366210938,2019-03-07
1552003200,132.27999877929688,126.33999633789062,130.41000366210938,128.02999877929688,6102871,128.02999877929688,2019-03-08
1552089600,136.6199951171875,126.69999694824219,128.02999877929688,133.74000549316406,7527560,133.74000549316406,2019-03-09
1552176000,134.08999633789062,130.30999755859375,133.74000549316406,131.75,3032634,131.75,2019-03-10
1552262400,132.2899932861328,126.9000015258789,131.75,129.27000427246094,4785359,129.27000427246094,2019-03-11
1552348800,129.49000549316406,125.80999755859375,129.27000427246094,127.86000061035156,5468828,127.86000061035156,2019-03-12
1552435200,129.42999267578125,126.5199966430664,127.86000061035156,127.97000122070312,2554563,127.97000122070312,2019-03-13
1552521600,135.16000366210938,127.58999633789062,127.97000122070312,132.44000244140625,10530031,132.44000244140625,2019-03-14
1552608000,146.4199981689453,131.66000366210938,132.44000244140625,143.86000061035156,14388337,143.86000061035156,2019-03-15
1552694400,160.89999389648438,143.72999572753906,143.86000061035156,156.5800018310547,27674464,156.5800018310547,2019-03-16
1552780800,158.32000732421875,147.52999877929688,156.5800018310547,155.0399932861328,13513857,155.0399932861328,2019-03-17
1552867200,167.39999389648438,153.39999389648438,155.0399932861328,161.7100067138672,25160398,161.7100067138672,2019-03-18
1552953600,162.38999938964844,156.10000610351562,161.7100067138672,161.30999755859375,13139470,161.30999755859375,2019-03-19
1553040000,161.41000366210938,154.89999389648438,161.30999755859375,159.97000122070312,10099710,159.97000122070312,2019-03-20
1553126400,160.91000366210938,148.3699951171875,159.97000122070312,153.72000122070312,19833689,153.72000122070312,2019-03-21
1553212800,160.2100067138672,151.6999969482422,153.72000122070312,157.10000610351562,10175609,157.10000610351562,2019-03-22
1553299200,170.25,156.77000427246094,157.10000610351562,166.72999572753906,17087384,166.72999572753906,2019-03-23
1553385600,166.72999572753906,161.69000244140625,166.72999572753906,164.17999267578125,9910476,164.17999267578125,2019-03-24
1553472000,165.6699981689453,155.49000549316406,164.17999267578125,159.7899932861328,15009868,159.7899932861328,2019-03-25
1553558400,160.2100067138672,153.39999389648438,159.7899932861328,159.3000030517578,9543209,159.3000030517578,2019-03-26
1553644800,173.89999389648438,158.6999969482422,159.3000030517578,171.33999633789062,18881307,171.33999633789062,2019-03-27
1553731200,171.33999633789062,166.4600067138672,171.33999633789062,168.66000366210938,8688026,168.66000366210938,2019-03-28
1553817600,172.66000366210938,168.0500030517578,168.66000366210938,171.19000244140625,8048039,171.19000244140625,2019-03-29
1553904000,172.39999389648438,165.4499969482422,171.19000244140625,167.6999969482422,8059977,167.6999969482422,2019-03-30
1553990400,169.7100067138672,165.41000366210938,167.6999969482422,169.5399932861328,4131276,169.5399932861328,2019-03-31
1554073200,170.3699951171875,166.9199981689453,169.5399932861328,167.88999938964844,5934973,167.88999938964844,2019-03-31
1554159600,248.86000061035156,167.58999633789062,167.88999938964844,243.1999969482422,73060624,243.1999969482422,2019-04-01
1554246000,350.1700134277344,242.67999267578125,243.1999969482422,301.25,353867698,301.25,2019-04-02
1554332400,321.8999938964844,274.07000732421875,301.25,287.0199890136719,149236447,287.0199890136719,2019-04-03
1554418800,302.7900085449219,281.75,287.0199890136719,294.5899963378906,53663123,294.5899963378906,2019-04-04
1554505200,332.989990234375,285.9599914550781,294.5899963378906,306.760009765625,92370277,306.760009765625,2019-04-05
1554591600,330.20001220703125,300.2099914550781,306.760009765625,321.07000732421875,69264844,321.07000732421875,2019-04-06
1554678000,330.29998779296875,295.489990234375,321.07000732421875,310.5,58344703,310.5,2019-04-07
1554764400,310.5199890136719,293.8299865722656,310.5,296.4100036621094,28837125,296.4100036621094,2019-04-08
1554850800,315.5,296.2300109863281,296.4100036621094,305.05999755859375,46064441,305.05999755859375,2019-04-09
1554937200,305.79998779296875,256.19000244140625,305.05999755859375,271.55999755859375,65985081,271.55999755859375,2019-04-10
1555023600,290.0799865722656,259.5799865722656,271.55999755859375,282.8399963378906,48645060,282.8399963378906,2019-04-11
1555110000,288.0799865722656,273.4100036621094,282.8399963378906,279.3599853515625,24283008,279.3599853515625,2019-04-12
1555196400,291.92999267578125,274.0799865722656,279.3599853515625,290.0400085449219,18362761,290.0400085449219,2019-04-13
1555282800,335.8399963378906,288.6600036621094,290.0400085449219,312.92999267578125,128952196,312.92999267578125,2019-04-14
1555369200,325.0199890136719,303.70001220703125,312.92999267578125,317.25,58402033,317.25,2019-04-15
1555455600,322.2099914550781,305.17999267578125,317.25,310.6199951171875,35040775,310.6199951171875,2019-04-16
1555542000,315.2699890136719,304.3800048828125,310.6199951171875,306.989990234375,25388253,306.989990234375,2019-04-17
1555628400,313.54998779296875,291.4700012207031,306.989990234375,307.25,35421795,307.25,2019-04-18
1555714800,310.32000732421875,295.260009765625,307.25,300.80999755859375,17681458,300.80999755859375,2019-04-19
1555801200,303.7300109863281,280.9100036621094,300.80999755859375,291.3299865722656,37085432,291.3299865722656,2019-04-20
1555887600,296.92999267578125,287.9100036621094,291.3299865722656,293.29998779296875,27280779,293.29998779296875,2019-04-21
1555974000,312.2699890136719,287.9800109863281,293.29998779296875,289.20001220703125,37820816,289.20001220703125,2019-04-22
1556060400,292.07000732421875,269.739990234375,289.20001220703125,279.3299865722656,39312949,279.3299865722656,2019-04-23
1556146800,284.6700134277344,259.510009765625,279.3299865722656,265.2699890136719,32333250,265.2699890136719,2019-04-24
1556233200,275.7799987792969,256.1499938964844,265.2699890136719,264.8800048828125,31761113,264.8800048828125,2019-04-25
1556319600,267.0799865722656,259.010009765625,264.8800048828125,262.6600036621094,9201776,262.6600036621094,2019-04-26
1556406000,267.95001220703125,250.35000610351562,263.6199951171875,255.8000030517578,16025847,255.8000030517578,2019-04-27
1556492400,256.6000061035156,232.1999969482422,255.8000030517578,238.9199981689453,23422080,238.9199981689453,2019-04-28
1556578800,271.80999755859375,236.4499969482422,238.9199981689453,271.30999755859375,34867053,271.30999755859375,2019-04-29
1556665200,283.2799987792969,266.70001220703125,271.30999755859375,272.69000244140625,34414774,272.69000244140625,2019-04-30
1556751600,283.6199951171875,267.8500061035156,272.69000244140625,270.55999755859375,24470675,270.55999755859375,2019-05-01
1556838000,302.0899963378906,268.5400085449219,270.55999755859375,292.7900085449219,43629771,292.7900085449219,2019-05-02
1556924400,314.3800048828125,272.80999755859375,292.7900085449219,292.7200012207031,63817324,292.7200012207031,2019-05-03
1557010800,304.4100036621094,288.9100036621094,292.7200012207031,294.8599853515625,30056800,294.8599853515625,2019-05-04
1557097200,299.4200134277344,277.6700134277344,294.8599853515625,290.1700134277344,32853655,290.1700134277344,2019-05-05
1557183600,302.75,283.5400085449219,290.1700134277344,283.8599853515625,42839941,283.8599853515625,2019-05-06
1557270000,289.5199890136719,273.92999267578125,283.8599853515625,287.5400085449219,23572336,287.5400085449219,2019-05-07
1557356400,294.1700134277344,276.7300109863281,287.5400085449219,284.1099853515625,28161569,284.1099853515625,2019-05-08
1557442800,296.260009765625,277.8399963378906,284.1099853515625,286.5199890136719,35310127,286.5199890136719,2019-05-09
1557529200,385.2200012207031,286.4800109863281,286.5199890136719,353.17999267578125,123913763,353.17999267578125,2019-05-10
1557615600,379.3900146484375,331.94000244140625,353.17999267578125,356.0199890136719,144958491,356.0199890136719,2019-05-11
1557702000,404.44000244140625,348.5799865722656,356.0199890136719,383.25,143493873,383.25,2019-05-12
1557788400,409.32000732421875,363.6499938964844,383.25,388.7699890136719,114852787,388.7699890136719,2019-05-13
1557874800,412.2099914550781,371.260009765625,388.7699890136719,403.80999755859375,97882064,403.80999755859375,2019-05-14
1557961200,450.80999755859375,381.3599853515625,403.80999755859375,398.7699890136719,161876643,398.7699890136719,2019-05-15
1558047600,411.44000244140625,338.0400085449219,398.7699890136719,368.0199890136719,115042989,368.0199890136719,2019-05-16
1558134000,375.0400085449219,350.8999938964844,368.0199890136719,358.1199951171875,34558383,358.1199951171875,2019-05-17
1558220400,432.44000244140625,356.8999938964844,358.1199951171875,418.0799865722656,107699210,418.0799865722656,2019-05-18
1558306800,422.3800048828125,381.54998779296875,418.0799865722656,414.3800048828125,87055835,414.3800048828125,2019-05-19
1558393200,446.739990234375,400.44000244140625,414.3800048828125,416.7900085449219,76609481,416.7900085449219,2019-05-20
1558479600,424.20001220703125,381.6199951171875,416.7900085449219,387.7099914550781,65732095,387.7099914550781,2019-05-21
1558566000,408.32000732421875,368.0400085449219,387.7099914550781,405.6499938964844,50832341,405.6499938964844,2019-05-22
1558652400,423.7099914550781,394.8500061035156,405.6499938964844,408.760009765625,55973917,408.760009765625,2019-05-23
1558738800,414.4800109863281,399.6700134277344,408.760009765625,406.0299987792969,22426929,406.0299987792969,2019-05-24
1558825200,439.4200134277344,390.8999938964844,406.0299987792969,433.75,52137891,433.75,2019-05-25
1558911600,457.510009765625,423.05999755859375,433.75,440.3699951171875,66829163,440.3699951171875,2019-05-26
1558998000,444.8699951171875,426.6300048828125,440.3699951171875,433.7900085449219,33114040,433.7900085449219,2019-05-27
1559084400,465.2300109863281,420.260009765625,433.7900085449219,456.69000244140625,61507293,456.69000244140625,2019-05-28
1559170800,482.510009765625,402.1700134277344,456.69000244140625,421.8599853515625,107290244,421.8599853515625,2019-05-29
1559257200,444.010009765625,412.8999938964844,421.8599853515625,442.9800109863281,40854340,442.9800109863281,2019-05-30
1559343600,448.3999938964844,427.7699890136719,442.9800109863281,432.4700012207031,30003536,432.4700012207031,2019-05-31
1559430000,451.3900146484375,431.32000732421875,432.4700012207031,441.57000732421875,23737992,441.57000732421875,2019-06-01
1559516400,447.04998779296875,395.1000061035156,441.57000732421875,401.3900146484375,58104669,401.3900146484375,2019-06-02
1559602800,401.67999267578125,363.7300109863281,401.3900146484375,382.94000244140625,72087631,382.94000244140625,2019-06-03
1559689200,415.8500061035156,379.2699890136719,382.94000244140625,397.4800109863281,51962385,397.4800109863281,2019-06-04
1559775600,402.239990234375,369.510009765625,397.4800109863281,397.0899963378906,35756818,397.0899963378906,2019-06-05
1559862000,410.3800048828125,390.67999267578125,397.0899963378906,399.3900146484375,31595052,399.3900146484375,2019-06-06
1559948400,404.32000732421875,386.3900146484375,399.3900146484375,393.6300048828125,15706250,393.6300048828125,2019-06-07
1560034800,397.6300048828125,371.05999755859375,393.6300048828125,380.67999267578125,25579357,380.67999267578125,2019-06-08
1560121200,400.510009765625,374.0,380.67999267578125,394.5,31039434,394.5,2019-06-09
1560207600,398.1300048828125,379.2699890136719,394.5,388.1600036621094,25737852,388.1600036621094,2019-06-10
1560294000,403.8800048828125,383.9700012207031,388.1600036621094,397.1099853515625,31770101,397.1099853515625,2019-06-11
1560380400,424.6700134277344,395.3299865722656,397.1099853515625,412.05999755859375,49473837,412.05999755859375,2019-06-12
1560466800,422.6099853515625,400.739990234375,412.05999755859375,421.3399963378906,31932177,421.3399963378906,2019-06-13
1560553200,425.95001220703125,412.7200012207031,421.3399963378906,423.4599914550781,24564863,423.4599914550781,2019-06-14
