date,high,low,open,close,volume,adjclose,formatted_date
1502665200,3.2899999618530273,1.2000000476837158,2.990000009536743,1.590000033378601,1712,1.590000033378601,2017-08-13
1502751600,1.5199999809265137,1.090000033378601,1.5199999809265137,1.4299999475479126,2950,1.4299999475479126,2017-08-14
1502838000,2.259999990463257,1.340000033378601,1.5,2.259999990463257,2963,2.259999990463257,2017-08-15
1502924400,2.25,1.2000000476837158,2.25,1.9299999475479126,1753,1.9299999475479126,2017-08-16
1503010800,1.8799999952316284,1.8799999952316284,1.8799999952316284,1.8799999952316284,0,1.8799999952316284,2017-08-17
1503097200,1.8899999856948853,1.8899999856948853,1.8899999856948853,1.8899999856948853,0,1.8899999856948853,2017-08-18
1503183600,1.9199999570846558,1.9199999570846558,1.9199999570846558,1.9199999570846558,0,1.9199999570846558,2017-08-19
1503270000,2.069999933242798,2.069999933242798,2.069999933242798,2.069999933242798,0,2.069999933242798,2017-08-20
1503356400,2.0199999809265137,2.0199999809265137,2.0199999809265137,2.0199999809265137,0,2.0199999809265137,2017-08-21
1503442800,2.0399999618530273,2.0399999618530273,2.0399999618530273,2.0399999618530273,0,2.0399999618530273,2017-08-22
1503529200,2.8299999237060547,2.2699999809265137,2.7899999618530273,2.4100000858306885,20965,2.4100000858306885,2017-08-23
1503615600,3.2699999809265137,2.390000104904175,2.450000047683716,2.569999933242798,17431,2.569999933242798,2017-08-24
1503702000,2.6600000858306885,2.130000114440918,2.5899999141693115,2.4600000381469727,10561,2.4600000381469727,2017-08-25
1503788400,2.569999933242798,1.6699999570846558,2.569999933242798,1.9299999475479126,9860,1.9299999475479126,2017-08-26
1503874800,2.359999895095825,1.840000033378601,1.9299999475479126,1.8799999952316284,3472,1.8799999952316284,2017-08-27
1503961200,2.2300000190734863,1.940000057220459,2.009999990463257,2.0899999141693115,8257,2.0899999141693115,2017-08-28
1504047600,3.259999990463257,2.009999990463257,2.1500000953674316,2.259999990463257,15662,2.259999990463257,2017-08-29
1504134000,2.6600000858306885,2.069999933242798,2.2899999618530273,2.0999999046325684,5383,2.0999999046325684,2017-08-30
1504220400,2.5399999618530273,2.0799999237060547,2.109999895095825,2.3499999046325684,5442,2.3499999046325684,2017-08-31
1504306800,2.809999942779541,1.8600000143051147,2.109999895095825,2.0299999713897705,9686,2.0299999713897705,2017-09-01
1504393200,2.9100000858306885,1.6200000047683716,2.0399999618530273,1.8200000524520874,15106,1.8200000524520874,2017-09-02
1504479600,1.5700000524520874,0.7957000136375427,1.5700000524520874,1.350000023841858,22799,1.350000023841858,2017-09-03
1504566000,1.409999966621399,0.8743000030517578,1.409999966621399,1.0199999809265137,8816,1.0199999809265137,2017-09-04
1504652400,32.540000915527344,0.17960000038146973,1.0800000429153442,0.9829000234603882,19509,0.9829000234603882,2017-09-05
1504738800,3.2200000286102295,0.972599983215332,0.972599983215332,1.3799999952316284,335161,1.3799999952316284,2017-09-06
1504825200,1.3200000524520874,0.9661999940872192,1.2599999904632568,1.0099999904632568,3029280,1.0099999904632568,2017-09-07
1504911600,1.0299999713897705,0.8806999921798706,1.0099999904632568,0.9593999981880188,1139473,0.9593999981880188,2017-09-08
1504998000,1.0199999809265137,0.9065999984741211,0.9448999762535095,0.9424999952316284,900623,0.9424999952316284,2017-09-09
1505084400,1.100000023841858,0.9239000082015991,0.9384999871253967,1.0099999904632568,1082974,1.0099999904632568,2017-09-10
1505170800,1.1699999570846558,0.9879000186920166,1.0,1.0499999523162842,1789149,1.0499999523162842,2017-09-11
1505257200,0.9805999994277954,0.8853999972343445,0.9805999994277954,0.9358999729156494,798087,0.9358999729156494,2017-09-12
1505343600,0.767799973487854,0.6470999717712402,0.757099986076355,0.6699000000953674,874994,0.6699000000953674,2017-09-13
1505430000,0.8651000261306763,0.6621999740600586,0.77920001745224,0.8116999864578247,1263581,0.8116999864578247,2017-09-14
1505516400,0.9009000062942505,0.748199999332428,0.795799970626831,0.8044000267982483,804241,0.8044000267982483,2017-09-15
1505602800,0.8331000208854675,0.7752000093460083,0.8167999982833862,0.7842000126838684,483307,0.7842000126838684,2017-09-16
1505689200,0.9524000287055969,0.8544999957084656,0.902999997138977,0.8974000215530396,640995,0.8974000215530396,2017-09-17
1505775600,0.8741999864578247,0.7799000144004822,0.8535000085830688,0.8008999824523926,585838,0.8008999824523926,2017-09-18
1505862000,0.8296999931335449,0.7408999800682068,0.8025000095367432,0.7462999820709229,411067,0.7462999820709229,2017-09-19
1505948400,0.7218000292778015,0.6662999987602234,0.6784999966621399,0.6908000111579895,373282,0.6908000111579895,2017-09-20
1506034800,0.7282999753952026,0.6865000128746033,0.7046999931335449,0.714900016784668,393702,0.714900016784668,2017-09-21
1506121200,0.8126000165939331,0.7669000029563904,0.777999997138977,0.7702999711036682,382642,0.7702999711036682,2017-09-22
1506207600,0.7842000126838684,0.7358999848365784,0.7608000040054321,0.7782999873161316,499423,0.7782999873161316,2017-09-23
1506294000,0.9391999840736389,0.796500027179718,0.8120999932289124,0.9179999828338623,666744,0.9179999828338623,2017-09-24
1506380400,0.9193000197410583,0.839900016784668,0.8985000252723694,0.859000027179718,790268,0.859000027179718,2017-09-25
1506466800,1.2300000190734863,0.9039000272750854,0.9225000143051147,1.149999976158142,1223125,1.149999976158142,2017-09-26
1506553200,1.4500000476837158,1.100000023841858,1.1299999952316284,1.3700000047683716,2260237,1.3700000047683716,2017-09-27
1506639600,1.340000033378601,1.149999976158142,1.3200000524520874,1.25,1233307,1.25,2017-09-28
1506726000,1.3300000429153442,1.2300000190734863,1.2999999523162842,1.2799999713897705,882843,1.2799999713897705,2017-09-29
1506812400,1.5499999523162842,1.2599999904632568,1.2799999713897705,1.5199999809265137,1179247,1.5199999809265137,2017-09-30
1506898800,2.0,1.4800000190734863,1.4900000095367432,1.9700000286102295,2616957,1.9700000286102295,2017-10-01
1506985200,1.9900000095367432,1.690000057220459,1.940000057220459,1.840000033378601,1872097,1.840000033378601,2017-10-02
1507071600,1.850000023841858,1.5,1.840000033378601,1.6200000047683716,1145669,1.6200000047683716,2017-10-03
1507158000,1.7400000095367432,1.440000057220459,1.6399999856948853,1.6699999570846558,1032711,1.6699999570846558,2017-10-04
1507244400,1.7999999523162842,1.559999942779541,1.75,1.559999942779541,873009,1.559999942779541,2017-10-05
1507330800,1.6299999952316284,1.5,1.5700000524520874,1.5700000524520874,678961,1.5700000524520874,2017-10-06
1507417200,1.6100000143051147,1.2200000286102295,1.559999942779541,1.2200000286102295,929066,1.2200000286102295,2017-10-07
1507503600,147.52000427246094,1.1699999570846558,1.1699999570846558,1.4299999475479126,1842332,1.4299999475479126,2017-10-08
1507590000,1.4900000095367432,1.340000033378601,1.4299999475479126,1.4199999570846558,1123961,1.4199999570846558,2017-10-09
1507676400,1.4700000286102295,1.3600000143051147,1.440000057220459,1.440000057220459,769465,1.440000057220459,2017-10-10
1507762800,1.440000057220459,1.2799999713897705,1.440000057220459,1.340000033378601,776086,1.340000033378601,2017-10-11
1507849200,1.5199999809265137,1.2699999809265137,1.5,1.5,1497196,1.5,2017-10-12
1507935600,1.5199999809265137,1.2899999618530273,1.5099999904632568,1.5099999904632568,512127,1.5099999904632568,2017-10-13
1508022000,1.6699999570846558,1.399999976158142,1.5,1.5499999523162842,998652,1.5499999523162842,2017-10-14
1508108400,1.559999942779541,1.340000033378601,1.5399999618530273,1.440000057220459,461529,1.440000057220459,2017-10-15
1508194800,1.3899999856948853,1.3200000524520874,1.3600000143051147,1.3899999856948853,237582,1.3899999856948853,2017-10-16
1508281200,1.409999966621399,1.309999942779541,1.3700000047683716,1.3300000429153442,333867,1.3300000429153442,2017-10-17
1508367600,1.350000023841858,1.25,1.309999942779541,1.2599999904632568,383148,1.2599999904632568,2017-10-18
1508454000,194.97000122070312,1.2200000286102295,1.25,1.2200000286102295,274137,1.2200000286102295,2017-10-19
1508540400,1.25,1.2000000476837158,1.2100000381469727,1.2400000095367432,234872,1.2400000095367432,2017-10-20
1508626800,46.189998626708984,1.1799999475479126,1.2200000286102295,1.2200000286102295,265934,1.2200000286102295,2017-10-21
1508713200,1.2400000095367432,1.1399999856948853,1.1799999475479126,1.2000000476837158,389025,1.2000000476837158,2017-10-22
1508799600,1.3300000429153442,1.1299999952316284,1.25,1.25,1049326,1.25,2017-10-23
1508886000,1.2599999904632568,1.190000057220459,1.2400000095367432,1.2599999904632568,426399,1.2599999904632568,2017-10-24
1508972400,1.2599999904632568,1.1399999856948853,1.2599999904632568,1.2200000286102295,320277,1.2200000286102295,2017-10-25
1509058800,1.2200000286102295,1.1100000143051147,1.2200000286102295,1.1799999475479126,402588,1.1799999475479126,2017-10-26
1509145200,1.2000000476837158,1.1399999856948853,1.190000057220459,1.1799999475479126,140008,1.1799999475479126,2017-10-27
1509231600,1.2400000095367432,1.159999966621399,1.2300000190734863,1.2300000190734863,301115,1.2300000190734863,2017-10-28
1509321600,1.3600000143051147,1.1699999570846558,1.2400000095367432,1.3300000429153442,462401,1.3300000429153442,2017-10-30
1509408000,1.3799999952316284,1.25,1.3200000524520874,1.3300000429153442,467198,1.3300000429153442,2017-10-31
1509494400,1.2899999618530273,1.2000000476837158,1.2699999809265137,1.2699999809265137,378299,1.2699999809265137,2017-11-01
1509580800,1.3799999952316284,1.190000057220459,1.25,1.2999999523162842,849711,1.2999999523162842,2017-11-02
1509667200,1.4900000095367432,1.3700000047683716,1.3899999856948853,1.4600000381469727,489119,1.4600000381469727,2017-11-03
1509753600,1.690000057220459,1.3799999952316284,1.440000057220459,1.6399999856948853,999479,1.6399999856948853,2017-11-04
1509840000,1.6200000047683716,1.4500000476837158,1.6200000047683716,1.5199999809265137,434361,1.5199999809265137,2017-11-05
1509926400,1.690000057220459,1.4600000381469727,1.5199999809265137,1.5700000524520874,826001,1.5700000524520874,2017-11-06
1510012800,1.8200000524520874,1.5,1.5499999523162842,1.7899999618530273,948328,1.7899999618530273,2017-11-07
1510099200,2.0399999618530273,1.7699999809265137,1.8899999856948853,2.0299999713897705,2144729,2.0299999713897705,2017-11-08
1510185600,2.130000114440918,1.9500000476837158,2.109999895095825,2.049999952316284,1420804,2.049999952316284,2017-11-09
1510272000,1.909999966621399,1.659999966621399,1.909999966621399,1.8300000429153442,1370586,1.8300000429153442,2017-11-10
1510358400,2.009999990463257,1.659999966621399,1.9299999475479126,1.6799999475479126,828210,1.6799999475479126,2017-11-11
1510444800,1.7100000381469727,1.4600000381469727,1.6399999856948853,1.5399999618530273,1941365,1.5399999618530273,2017-11-12
1510531200,1.7200000286102295,1.5399999618530273,1.590000033378601,1.7000000476837158,661965,1.7000000476837158,2017-11-13
1510617600,1.8300000429153442,1.559999942779541,1.7999999523162842,1.559999942779541,718353,1.559999942779541,2017-11-14
1510704000,1.6399999856948853,1.4800000190734863,1.5399999618530273,1.5499999523162842,1129654,1.5499999523162842,2017-11-15
1510790400,1.7200000286102295,1.5299999713897705,1.5499999523162842,1.5700000524520874,1030100,1.5700000524520874,2017-11-16
1510876800,1.600000023841858,1.4900000095367432,1.5800000429153442,1.5099999904632568,645064,1.5099999904632568,2017-11-17
1510963200,1.7000000476837158,1.559999942779541,1.5800000429153442,1.659999966621399,615987,1.659999966621399,2017-11-18
1511049600,1.7400000095367432,1.5700000524520874,1.690000057220459,1.6100000143051147,589512,1.6100000143051147,2017-11-19
1511136000,1.6699999570846558,1.590000033378601,1.6699999570846558,1.6100000143051147,671473,1.6100000143051147,2017-11-20
1511222400,1.6299999952316284,1.5299999713897705,1.600000023841858,1.590000033378601,602848,1.590000033378601,2017-11-21
1511308800,1.690000057220459,1.5800000429153442,1.6799999475479126,1.6100000143051147,960447,1.6100000143051147,2017-11-22
1511395200,1.7300000190734863,1.4800000190734863,1.7200000286102295,1.559999942779541,831863,1.559999942779541,2017-11-23
1511481600,2.049999952316284,1.6699999570846558,1.8200000524520874,1.7200000286102295,1169123,1.7200000286102295,2017-11-24
1511568000,1.9600000381469727,1.6299999952316284,1.690000057220459,1.8899999856948853,1116210,1.8899999856948853,2017-11-25
1511654400,2.0,1.809999942779541,1.9199999570846558,1.8700000047683716,760132,1.8700000047683716,2017-11-26
1511740800,1.9500000476837158,1.75,1.8899999856948853,1.9500000476837158,818700,1.9500000476837158,2017-11-27
1511827200,1.9500000476837158,1.75,1.909999966621399,1.9199999570846558,886547,1.9199999570846558,2017-11-28
1511913600,1.840000033378601,1.5,1.7599999904632568,1.7799999713897705,4629190,1.7799999713897705,2017-11-29
1512000000,2.0199999809265137,1.7699999809265137,1.809999942779541,1.9800000190734863,2257627,1.9800000190734863,2017-11-30
1512086400,2.180000066757202,2.0199999809265137,2.0999999046325684,2.069999933242798,1002623,2.069999933242798,2017-12-01
1512172800,2.0799999237060547,2.0,2.049999952316284,2.0799999237060547,529421,2.0799999237060547,2017-12-02
1512259200,2.4000000953674316,2.0799999237060547,2.0999999046325684,2.2699999809265137,1115754,2.2699999809265137,2017-12-03
1512345600,2.5899999141693115,2.2899999618530273,2.309999942779541,2.569999933242798,1703658,2.569999933242798,2017-12-04
1512432000,2.690000057220459,2.450000047683716,2.4800000190734863,2.5799999237060547,1802728,2.5799999237060547,2017-12-05
1512518400,2.6500000953674316,2.319999933242798,2.4000000953674316,2.5799999237060547,2528433,2.5799999237060547,2017-12-06
1512604800,2.9600000381469727,2.430000066757202,2.5799999237060547,2.75,2082383,2.75,2017-12-07
1512691200,2.9700000286102295,2.319999933242798,2.950000047683716,2.8499999046325684,1938595,2.8499999046325684,2017-12-08
1512777600,2.990000009536743,2.369999885559082,2.9700000286102295,2.700000047683716,1120509,2.700000047683716,2017-12-09
1512864000,2.609999895095825,2.259999990463257,2.490000009536743,2.509999990463257,805153,2.509999990463257,2017-12-10
1512950400,3.130000114440918,2.6600000858306885,2.890000104904175,2.7200000286102295,1182088,2.7200000286102295,2017-12-11
1513036800,3.7100000381469727,2.6500000953674316,3.4200000762939453,2.680000066757202,2022384,2.680000066757202,2017-12-12
1513123200,3.180000066757202,2.6600000858306885,2.880000114440918,2.7799999713897705,2179932,2.7799999713897705,2017-12-13
1513209600,3.240000009536743,2.5899999141693115,2.75,3.200000047683716,4791812,3.200000047683716,2017-12-14
1513296000,331.04998779296875,3.1500000953674316,3.1600000858306885,4.159999847412109,4266514,4.159999847412109,2017-12-15
1513382400,4.78000020980835,3.799999952316284,4.210000038146973,4.699999809265137,4164838,4.699999809265137,2017-12-16
1513468800,6.860000133514404,4.789999961853027,4.809999942779541,6.090000152587891,7438034,6.090000152587891,2017-12-17
1513555200,6.760000228881836,5.420000076293945,6.679999828338623,6.039999961853027,6193631,6.039999961853027,2017-12-18
1513641600,6.440000057220459,5.539999961853027,6.239999771118164,5.78000020980835,8945720,5.78000020980835,2017-12-19
1513728000,5.829999923706055,5.010000228881836,5.710000038146973,5.230000019073486,3249147,5.230000019073486,2017-12-20
1513814400,5.570000171661377,4.869999885559082,5.170000076293945,5.210000038146973,3830657,5.210000038146973,2017-12-21
1513900800,4.53000020980835,3.950000047683716,4.340000152587891,4.480000019073486,3053684,4.480000019073486,2017-12-22
1513987200,4.980000019073486,4.460000038146973,4.769999980926514,4.889999866485596,2459151,4.889999866485596,2017-12-23
1514073600,5.619999885559082,4.349999904632568,4.71999979019165,5.329999923706055,2692982,5.329999923706055,2017-12-24
1514160000,7.039999961853027,5.420000076293945,5.699999809265137,6.539999961853027,5703668,6.539999961853027,2017-12-25
1514246400,11.109999656677246,6.659999847412109,6.820000171661377,9.329999923706055,12374340,9.329999923706055,2017-12-26
1514332800,11.039999961853027,8.369999885559082,9.1899995803833,10.109999656677246,12968781,10.109999656677246,2017-12-27
1514419200,9.960000038146973,8.350000381469727,9.779999732971191,9.34000015258789,8539337,9.34000015258789,2017-12-28
1514505600,9.760000228881836,8.5600004196167,9.670000076293945,8.800000190734863,5984977,8.800000190734863,2017-12-29
1514592000,8.430000305175781,7.389999866485596,8.210000038146973,7.78000020980835,5811905,7.78000020980835,2017-12-30
1514678400,9.069999694824219,8.170000076293945,8.319999694824219,8.619999885559082,5409000,8.619999885559082,2017-12-31
1514764800,8.819999694824219,8.100000381469727,8.789999961853027,8.369999885559082,4260395,8.369999885559082,2018-01-01
1514851200,9.65999984741211,8.149999618530273,9.630000114440918,8.779999732971191,7996983,8.779999732971191,2018-01-02
1514937600,9.760000228881836,8.850000381469727,9.59000015258789,9.449999809265137,7712866,9.449999809265137,2018-01-03
1515024000,9.680000305175781,8.270000457763672,9.489999771118164,9.140000343322754,12808656,9.140000343322754,2018-01-04
1515110400,17.40999984741211,8.739999771118164,9.430000305175781,14.989999771118164,38001917,14.989999771118164,2018-01-05
1515196800,23.829999923706055,14.789999961853027,15.649999618530273,22.739999771118164,58831238,22.739999771118164,2018-01-06
1515283200,25.260000228881836,18.280000686645508,25.18000030517578,18.469999313354492,24763485,18.469999313354492,2018-01-07
1515369600,19.030000686645508,15.680000305175781,18.700000762939453,18.09000015258789,25787410,18.09000015258789,2018-01-08
1515456000,21.969999313354492,16.239999771118164,20.540000915527344,17.399999618530273,20468640,17.399999618530273,2018-01-09
1515542400,17.6200008392334,14.079999923706055,16.920000076293945,17.540000915527344,20678302,17.540000915527344,2018-01-10
1515628800,22.790000915527344,14.390000343322754,15.949999809265137,21.3700008392334,55171958,21.3700008392334,2018-01-11
1515715200,26.100000381469727,19.3700008392334,23.420000076293945,22.299999237060547,50385821,22.299999237060547,2018-01-12
1515801600,24.81999969482422,20.790000915527344,24.510000228881836,22.020000457763672,25897463,22.020000457763672,2018-01-13
1515888000,21.940000534057617,19.920000076293945,21.6299991607666,20.729999542236328,14443915,20.729999542236328,2018-01-14
1515974400,23.020000457763672,18.799999237060547,19.5,19.649999618530273,29262496,19.649999618530273,2018-01-15
1516060800,16.1200008392334,9.3100004196167,16.040000915527344,13.84000015258789,32625243,13.84000015258789,2018-01-16
1516147200,15.180000305175781,12.399999618530273,13.520000457763672,14.470000267028809,26361632,14.470000267028809,2018-01-17
1516233600,15.300000190734863,13.680000305175781,14.329999923706055,14.270000457763672,18492690,14.270000457763672,2018-01-18
1516320000,15.460000038146973,14.210000038146973,14.619999885559082,15.020000457763672,10863503,15.020000457763672,2018-01-19
1516406400,16.75,15.649999618530273,16.65999984741211,16.110000610351562,11315766,16.110000610351562,2018-01-20
1516492800,14.920000076293945,13.460000038146973,14.699999809265137,14.119999885559082,8959831,14.119999885559082,2018-01-21
1516579200,13.6899995803833,12.600000381469727,13.460000038146973,13.0,9175380,13.0,2018-01-22
1516665600,13.630000114440918,12.520000457763672,12.800000190734863,13.130000114440918,9105409,13.130000114440918,2018-01-23
1516752000,14.640000343322754,13.520000457763672,14.15999984741211,13.710000038146973,7260907,13.710000038146973,2018-01-24
1516838400,13.75,12.9399995803833,13.619999885559082,13.09000015258789,6530614,13.09000015258789,2018-01-25
1516924800,13.470000267028809,12.640000343322754,13.119999885559082,13.130000114440918,5290172,13.130000114440918,2018-01-26
1517011200,13.970000267028809,13.130000114440918,13.890000343322754,13.260000228881836,4741674,13.260000228881836,2018-01-27
1517097600,14.829999923706055,13.260000228881836,14.729999542236328,13.569999694824219,6619692,13.569999694824219,2018-01-28
1517184000,13.100000381469727,12.6899995803833,12.880000114440918,12.739999771118164,5024892,12.739999771118164,2018-01-29
1517270400,11.6899995803833,10.649999618530273,11.579999923706055,11.229999542236328,5351783,11.229999542236328,2018-01-30
1517356800,11.739999771118164,10.739999771118164,11.739999771118164,11.15999984741211,4957052,11.15999984741211,2018-01-31
1517443200,10.3100004196167,8.319999694824219,10.300000190734863,9.390000343322754,9341149,9.390000343322754,2018-02-01
1517529600,10.149999618530273,8.119999885559082,8.399999618530273,9.670000076293945,11606258,9.670000076293945,2018-02-02
1517616000,10.329999923706055,9.649999618530273,10.270000457763672,9.770000457763672,5915551,9.770000457763672,2018-02-03
1517702400,8.460000038146973,8.100000381469727,8.329999923706055,8.40999984741211,4966934,8.40999984741211,2018-02-04
1517788800,7.090000152587891,5.900000095367432,7.059999942779541,6.699999809265137,4853664,6.699999809265137,2018-02-05
1517875200,8.579999923706055,7.25,7.539999961853027,8.25,10146322,8.25,2018-02-06
1517961600,8.25,7.630000114440918,7.949999809265137,8.029999732971191,5002279,8.029999732971191,2018-02-07
1518048000,9.270000457763672,8.539999961853027,8.6899995803833,9.270000457763672,95233,9.270000457763672,2018-02-08
1518134400,10.020000457763672,9.119999885559082,9.3100004196167,9.850000381469727,4738843,9.850000381469727,2018-02-09
1518220800,9.880000114440918,9.130000114440918,9.5600004196167,9.25,5779103,9.25,2018-02-10
1518307200,8.970000267028809,8.399999618530273,8.819999694824219,8.680000305175781,3442826,8.680000305175781,2018-02-11
1518393600,9.470000267028809,9.180000305175781,9.279999732971191,9.329999923706055,3223594,9.329999923706055,2018-02-12
1518480000,9.140000343322754,8.890000343322754,9.069999694824219,9.0,2580861,9.0,2018-02-13
1518566400,10.65999984741211,9.710000038146973,9.850000381469727,10.390000343322754,4322533,10.390000343322754,2018-02-14
1518652800,11.140000343322754,10.239999771118164,10.5,10.90999984741211,8325144,10.90999984741211,2018-02-15
1518739200,11.180000305175781,10.6899995803833,11.029999732971191,11.180000305175781,4202748,11.180000305175781,2018-02-16
1518825600,12.029999732971191,11.350000381469727,11.649999618530273,11.739999771118164,5286083,11.739999771118164,2018-02-17
1518912000,11.029999732971191,10.529999732971191,11.0,10.680000305175781,3739123,10.680000305175781,2018-02-18
1518998400,11.149999618530273,10.90999984741211,11.0,11.069999694824219,2771219,11.069999694824219,2018-02-19
1519084800,10.479999542236328,9.789999961853027,10.430000305175781,9.90999984741211,3547301,9.90999984741211,2018-02-20
1519171200,9.989999771118164,9.220000267028809,9.399999618530273,9.430000305175781,3295736,9.430000305175781,2018-02-21
1519257600,9.109999656677246,8.729999542236328,9.039999961853027,8.880000114440918,2431652,8.880000114440918,2018-02-22
1519344000,9.699999809265137,8.989999771118164,9.460000038146973,9.699999809265137,2804366,9.699999809265137,2018-02-23
1519430400,9.539999961853027,8.9399995803833,9.460000038146973,9.100000381469727,2446273,9.100000381469727,2018-02-24
1519516800,9.40999984741211,9.09000015258789,9.199999809265137,9.350000381469727,1761833,9.350000381469727,2018-02-25
1519603200,9.989999771118164,9.329999923706055,9.65999984741211,9.930000305175781,2977188,9.930000305175781,2018-02-26
1519689600,10.890000343322754,9.859999656677246,9.970000267028809,10.579999923706055,7080809,10.579999923706055,2018-02-27
1519776000,10.770000457763672,10.220000267028809,10.34000015258789,10.4399995803833,3277257,10.4399995803833,2018-02-28
1519862400,10.779999732971191,10.350000381469727,10.640000343322754,10.470000267028809,2775450,10.470000267028809,2018-03-01
1519948800,10.600000381469727,10.050000190734863,10.289999961853027,10.210000038146973,2050674,10.210000038146973,2018-03-02
1520035200,10.369999885559082,10.109999656677246,10.210000038146973,10.210000038146973,1696666,10.210000038146973,2018-03-03
1520121600,10.420000076293945,10.119999885559082,10.319999694824219,10.359999656677246,1390241,10.359999656677246,2018-03-04
1520208000,10.279999732971191,10.020000457763672,10.210000038146973,10.09000015258789,1778353,10.09000015258789,2018-03-05
1520294400,9.729999542236328,9.220000267028809,9.699999809265137,9.40999984741211,2244136,9.40999984741211,2018-03-06
1520380800,9.670000076293945,8.449999809265137,8.65999984741211,9.039999961853027,5340588,9.039999961853027,2018-03-07
1520467200,8.449999809265137,7.849999904632568,8.449999809265137,8.289999961853027,2983420,8.289999961853027,2018-03-08
1520553600,8.630000114440918,7.880000114440918,8.619999885559082,8.3100004196167,2662435,8.3100004196167,2018-03-09
1520640000,7.829999923706055,7.53000020980835,7.809999942779541,7.659999847412109,1004615,7.659999847412109,2018-03-10
1520726400,8.350000381469727,7.880000114440918,8.09000015258789,8.229999542236328,1173277,8.229999542236328,2018-03-11
1520812800,8.09000015258789,7.880000114440918,7.960000038146973,8.020000457763672,1355819,8.020000457763672,2018-03-12
1520899200,11.050000190734863,7.869999885559082,7.940000057220459,10.15999984741211,14334289,10.15999984741211,2018-03-13
1520985600,9.4399995803833,8.6899995803833,9.039999961853027,8.979999542236328,5352064,8.979999542236328,2018-03-14
1521072000,9.300000190734863,8.739999771118164,8.9399995803833,9.15999984741211,3595207,9.15999984741211,2018-03-15
1521158400,9.1899995803833,8.760000228881836,9.0,9.100000381469727,1899271,9.100000381469727,2018-03-16
1521244800,8.960000038146973,8.25,8.34000015258789,8.960000038146973,2074415,8.960000038146973,2018-03-17
1521331200,9.369999885559082,8.529999732971191,8.760000228881836,8.949999809265137,3523162,8.949999809265137,2018-03-18
1521417600,9.390000343322754,8.470000267028809,9.270000457763672,9.0,3509445,9.0,2018-03-19
1521504000,9.329999923706055,8.960000038146973,9.039999961853027,9.170000076293945,2555126,9.170000076293945,2018-03-20
1521590400,10.050000190734863,8.84000015258789,9.210000038146973,9.949999809265137,5119391,9.949999809265137,2018-03-21
1521676800,10.449999809265137,9.460000038146973,9.59000015258789,10.09000015258789,5556971,10.09000015258789,2018-03-22
1521763200,12.460000038146973,9.920000076293945,10.15999984741211,11.75,8897303,11.75,2018-03-23
1521849600,14.670000076293945,11.130000114440918,11.239999771118164,13.100000381469727,13027279,13.100000381469727,2018-03-24
1521936000,14.300000190734863,12.34000015258789,13.289999961853027,12.869999885559082,7356914,12.869999885559082,2018-03-25
1522018800,12.1899995803833,11.1899995803833,12.020000457763672,11.989999771118164,4768030,11.989999771118164,2018-03-25
1522105200,11.649999618530273,10.529999732971191,11.109999656677246,11.539999961853027,4888082,11.539999961853027,2018-03-26
1522191600,11.819999694824219,11.279999732971191,11.470000267028809,11.640000343322754,3462557,11.640000343322754,2018-03-27
1522278000,10.359999656677246,9.970000267028809,10.020000457763672,10.180000305175781,2780597,10.180000305175781,2018-03-28
1522364400,10.550000190734863,9.460000038146973,10.449999809265137,10.390000343322754,2830671,10.390000343322754,2018-03-29
1522450800,11.25,10.020000457763672,10.40999984741211,11.0600004196167,3317929,11.0600004196167,2018-03-30
1522537200,11.100000381469727,10.550000190734863,10.619999885559082,11.100000381469727,3241023,11.100000381469727,2018-03-31
1522623600,12.6899995803833,11.039999961853027,11.270000457763672,12.609999656677246,6232351,12.609999656677246,2018-04-01
1522710000,14.350000381469727,12.949999809265137,13.640000343322754,13.319999694824219,7507990,13.319999694824219,2018-04-02
1522796400,13.069999694824219,11.550000190734863,12.119999885559082,12.229999542236328,4897253,12.229999542236328,2018-04-03
1522882800,12.6899995803833,12.140000343322754,12.319999694824219,12.489999771118164,4127166,12.489999771118164,2018-04-04
1522969200,12.430000305175781,12.09000015258789,12.130000114440918,12.289999961853027,2453751,12.289999961853027,2018-04-05
1523055600,12.829999923706055,9.819999694824219,12.770000457763672,12.470000267028809,2679506,12.470000267028809,2018-04-06
1523142000,13.020000457763672,12.119999885559082,13.010000228881836,12.130000114440918,2851559,12.130000114440918,2018-04-07
1523228400,12.1899995803833,11.25,12.079999923706055,11.880000114440918,4621727,11.880000114440918,2018-04-08
1523314800,12.949999809265137,11.930000305175781,12.369999885559082,12.069999694824219,3187331,12.069999694824219,2018-04-09
1523401200,12.510000228881836,11.920000076293945,12.5,12.329999923706055,4532086,12.329999923706055,2018-04-10
1523487600,14.289999961853027,12.600000381469727,14.149999618530273,12.989999771118164,5710009,12.989999771118164,2018-04-11
1523574000,14.0600004196167,12.220000267028809,13.020000457763672,13.569999694824219,6347984,13.569999694824219,2018-04-12
1523660400,13.829999923706055,12.979999542236328,13.75,13.270000457763672,3594692,13.270000457763672,2018-04-13
1523746800,14.229999542236328,13.010000228881836,14.100000381469727,13.050000190734863,4707666,13.050000190734863,2018-04-14
1523833200,12.710000038146973,12.199999809265137,12.510000228881836,12.220000267028809,3030667,12.220000267028809,2018-04-15
1523919600,12.3100004196167,11.630000114440918,12.020000457763672,11.739999771118164,3311589,11.739999771118164,2018-04-16
1524006000,12.460000038146973,11.720000267028809,12.289999961853027,12.300000190734863,4525055,12.300000190734863,2018-04-17
1524092400,13.319999694824219,12.289999961853027,13.270000457763672,12.329999923706055,3121122,12.329999923706055,2018-04-18
1524178800,13.4399995803833,12.489999771118164,13.430000305175781,12.569999694824219,4032375,12.569999694824219,2018-04-19
1524265200,14.220000267028809,12.289999961853027,12.319999694824219,13.369999885559082,7110580,13.369999885559082,2018-04-20
1524351600,13.90999984741211,12.569999694824219,13.699999809265137,12.890000343322754,4053264,12.890000343322754,2018-04-21
1524438000,13.970000267028809,13.039999961853027,13.359999656677246,13.600000381469727,6736330,13.600000381469727,2018-04-22
1524524400,15.680000305175781,14.40999984741211,14.880000114440918,15.15999984741211,6145573,15.15999984741211,2018-04-23
1524610800,14.130000114440918,13.079999923706055,13.319999694824219,13.399999618530273,10700448,13.399999618530273,2018-04-24
1524697200,15.140000343322754,14.199999809265137,14.350000381469727,14.619999885559082,4154733,14.619999885559082,2018-04-25
1524783600,14.380000114440918,13.34000015258789,14.220000267028809,14.260000228881836,2967694,14.260000228881836,2018-04-26
1524870000,15.4399995803833,14.880000114440918,15.149999618530273,15.15999984741211,2968700,15.15999984741211,2018-04-27
1524956400,15.40999984741211,14.819999694824219,15.319999694824219,15.010000228881836,3716185,15.010000228881836,2018-04-28
1525042800,14.789999961853027,14.020000457763672,14.59000015258789,14.3100004196167,3691444,14.3100004196167,2018-04-29
1525129200,14.619999885559082,13.9399995803833,14.329999923706055,14.109999656677246,3304060,14.109999656677246,2018-04-30
1525215600,14.550000190734863,14.100000381469727,14.4399995803833,14.380000114440918,2584063,14.380000114440918,2018-05-01
1525302000,16.360000610351562,14.470000267028809,16.280000686645508,14.600000381469727,4400129,14.600000381469727,2018-05-02
1525388400,14.970000267028809,14.079999923706055,14.6899995803833,14.34000015258789,3500808,14.34000015258789,2018-05-03
1525474800,15.079999923706055,14.0600004196167,14.90999984741211,14.359999656677246,3108624,14.359999656677246,2018-05-04
1525561200,14.760000228881836,13.630000114440918,13.920000076293945,13.930000305175781,2934269,13.930000305175781,2018-05-05
1525647600,14.199999809265137,13.170000076293945,13.260000228881836,13.6899995803833,3618069,13.6899995803833,2018-05-06
1525734000,13.6899995803833,13.220000267028809,13.619999885559082,13.479999542236328,3093214,13.479999542236328,2018-05-07
1525820400,15.029999732971191,13.489999771118164,13.539999961853027,14.630000114440918,5124189,14.630000114440918,2018-05-08
1525906800,14.470000267028809,13.350000381469727,14.09000015258789,13.8100004196167,4147219,13.8100004196167,2018-05-09
1525993200,13.050000190734863,12.539999961853027,12.9399995803833,13.010000228881836,3398435,13.010000228881836,2018-05-10
1526079600,13.670000076293945,12.699999809265137,13.119999885559082,12.930000305175781,2635826,12.930000305175781,2018-05-11
1526166000,14.0,12.6899995803833,13.789999961853027,13.140000343322754,2789393,13.140000343322754,2018-05-12
1526252400,13.15999984741211,12.760000228881836,13.100000381469727,12.819999694824219,2118640,12.819999694824219,2018-05-13
1526338800,12.770000457763672,12.380000114440918,12.4399995803833,12.550000190734863,1969924,12.550000190734863,2018-05-14
1526425200,12.720000267028809,12.199999809265137,12.569999694824219,12.270000457763672,1983415,12.270000457763672,2018-05-15
1526511600,12.890000343322754,11.600000381469727,11.600000381469727,12.369999885559082,3407166,12.369999885559082,2018-05-16
1526598000,16.649999618530273,12.520000457763672,12.850000381469727,15.109999656677246,15613603,15.109999656677246,2018-05-17
1526684400,15.9399995803833,13.779999732971191,15.170000076293945,14.300000190734863,5903178,14.300000190734863,2018-05-18
1526770800,14.779999732971191,13.59000015258789,14.699999809265137,14.119999885559082,3662713,14.119999885559082,2018-05-19
1526857200,14.8100004196167,13.65999984741211,13.739999771118164,14.6899995803833,3698503,14.6899995803833,2018-05-20
1526943600,13.970000267028809,13.140000343322754,13.520000457763672,13.84000015258789,3909183,13.84000015258789,2018-05-21
1527030000,12.579999923706055,11.920000076293945,12.460000038146973,12.479999542236328,3922367,12.479999542236328,2018-05-22
1527116400,13.34000015258789,12.9399995803833,13.029999732971191,13.050000190734863,2445087,13.050000190734863,2018-05-23
1527202800,12.979999542236328,12.460000038146973,12.65999984741211,12.979999542236328,2549282,12.979999542236328,2018-05-24
1527289200,13.039999961853027,12.539999961853027,13.0,12.760000228881836,1503088,12.760000228881836,2018-05-25
1527375600,12.65999984741211,12.25,12.40999984741211,12.569999694824219,1372326,12.569999694824219,2018-05-26
1527462000,11.899999618530273,11.15999984741211,11.300000190734863,11.890000343322754,2198399,11.890000343322754,2018-05-27
1527548400,13.1899995803833,12.489999771118164,13.15999984741211,12.630000114440918,2105977,12.630000114440918,2018-05-28
1527634800,12.640000343322754,12.130000114440918,12.380000114440918,12.5600004196167,1459023,12.5600004196167,2018-05-29
1527721200,14.430000305175781,12.760000228881836,13.029999732971191,14.1899995803833,5756697,14.1899995803833,2018-05-30
1527807600,14.619999885559082,13.800000190734863,14.210000038146973,14.239999771118164,3314885,14.239999771118164,2018-05-31
1527894000,14.899999618530273,14.15999984741211,14.529999732971191,14.65999984741211,2726450,14.65999984741211,2018-06-01
1527980400,15.5600004196167,14.460000038146973,15.369999885559082,14.670000076293945,2431247,14.670000076293945,2018-06-02
1528066800,14.430000305175781,13.600000381469727,14.010000228881836,14.260000228881836,1796012,14.260000228881836,2018-06-03
1528153200,15.699999809265137,14.59000015258789,14.65999984741211,15.600000381469727,4256059,15.600000381469727,2018-06-04
1528239600,17.489999771118164,15.180000305175781,15.550000190734863,17.25,9628223,17.25,2018-06-05
1528326000,17.40999984741211,16.209999084472656,17.200000762939453,16.280000686645508,5098651,16.280000686645508,2018-06-06
1528412400,16.459999084472656,15.680000305175781,16.100000381469727,16.260000228881836,2951555,16.260000228881836,2018-06-07
1528498800,16.5,15.8100004196167,16.09000015258789,16.020000457763672,1673086,16.020000457763672,2018-06-08
1528585200,14.359999656677246,13.640000343322754,14.170000076293945,14.180000305175781,3536583,14.180000305175781,2018-06-09
1528671600,15.529999732971191,14.130000114440918,14.359999656677246,15.460000038146973,4040516,15.460000038146973,2018-06-10
1528758000,15.579999923706055,14.050000190734863,14.460000038146973,15.260000228881836,6507632,15.260000228881836,2018-06-11
1528844400,16.190000534057617,14.479999542236328,14.6899995803833,14.59000015258789,5266299,14.59000015258789,2018-06-12
1528930800,16.079999923706055,14.680000305175781,15.930000305175781,14.869999885559082,4385132,14.869999885559082,2018-06-13
1529017200,16.049999237060547,13.880000114440918,13.930000305175781,15.0,4123294,15.0,2018-06-14
1529103600,15.899999618530273,15.140000343322754,15.279999732971191,15.789999961853027,3364290,15.789999961853027,2018-06-15
1529190000,17.020000457763672,15.649999618530273,15.770000457763672,16.579999923706055,4659973,16.579999923706055,2018-06-16
1529276400,17.90999984741211,16.719999313354492,17.260000228881836,16.81999969482422,5472285,16.81999969482422,2018-06-17
1529362800,17.56999969482422,16.190000534057617,17.5,16.719999313354492,4904773,16.719999313354492,2018-06-18
1529449200,16.889999389648438,15.75,16.649999618530273,16.059999465942383,3363367,16.059999465942383,2018-06-19
1529535600,17.219999313354492,15.600000381469727,15.75,17.059999465942383,6112698,17.059999465942383,2018-06-20
1529622000,15.8100004196167,14.720000267028809,15.0,15.569999694824219,5894881,15.569999694824219,2018-06-21
1529708400,16.170000076293945,15.4399995803833,15.970000267028809,15.619999885559082,2568943,15.619999885559082,2018-06-22
1529794800,15.050000190734863,14.109999656677246,14.979999542236328,14.430000305175781,3759962,14.430000305175781,2018-06-23
1529881200,14.970000267028809,14.119999885559082,14.539999961853027,14.890000343322754,2587175,14.890000343322754,2018-06-24
1529967600,14.15999984741211,13.649999618530273,13.960000038146973,14.029999732971191,1759814,14.029999732971191,2018-06-25
1530054000,14.630000114440918,14.050000190734863,14.460000038146973,14.069999694824219,2021413,14.069999694824219,2018-06-26
1530140400,14.390000343322754,13.369999885559082,13.399999618530273,14.140000343322754,3813247,14.140000343322754,2018-06-27
1530226800,15.0600004196167,14.390000343322754,14.640000343322754,14.479999542236328,2798606,14.479999542236328,2018-06-28
1530313200,15.140000343322754,14.329999923706055,15.130000114440918,14.670000076293945,2527789,14.670000076293945,2018-06-29
1530399600,14.649999618530273,14.239999771118164,14.640000343322754,14.329999923706055,1778503,14.329999923706055,2018-06-30
1530486000,15.210000038146973,14.350000381469727,15.109999656677246,14.600000381469727,2843849,14.600000381469727,2018-07-01
1530572400,14.1899995803833,13.8100004196167,14.149999618530273,14.15999984741211,2685759,14.15999984741211,2018-07-02
1530658800,14.350000381469727,13.720000267028809,14.329999923706055,14.020000457763672,1720272,14.020000457763672,2018-07-03
1530745200,14.069999694824219,13.5600004196167,14.029999732971191,13.720000267028809,2148481,13.720000267028809,2018-07-04
1530831600,13.899999618530273,13.260000228881836,13.859999656677246,13.420000076293945,1531552,13.420000076293945,2018-07-05
1530918000,14.779999732971191,13.819999694824219,13.869999885559082,14.149999618530273,3062377,14.149999618530273,2018-07-06
1531004400,14.1899995803833,13.770000457763672,14.149999618530273,13.989999771118164,1422540,13.989999771118164,2018-07-07
1531090800,13.729999542236328,13.390000343322754,13.5600004196167,13.520000457763672,1228615,13.520000457763672,2018-07-08
1531177200,12.84000015258789,12.279999732971191,12.40999984741211,12.779999732971191,1847139,12.779999732971191,2018-07-09
1531263600,13.1899995803833,12.539999961853027,13.149999618530273,12.699999809265137,1265816,12.699999809265137,2018-07-10
1531350000,12.430000305175781,11.989999771118164,12.279999732971191,12.130000114440918,1119942,12.130000114440918,2018-07-11
1531436400,12.350000381469727,12.029999732971191,12.149999618530273,12.180000305175781,923300,12.180000305175781,2018-07-12
1531522800,12.270000457763672,11.949999809265137,12.210000038146973,12.079999923706055,808786,12.079999923706055,2018-07-13
1531609200,12.59000015258789,12.220000267028809,12.520000457763672,12.279999732971191,945233,12.279999732971191,2018-07-14
1531695600,13.800000190734863,13.020000457763672,13.079999923706055,13.369999885559082,1747356,13.369999885559082,2018-07-15
1531782000,14.359999656677246,13.369999885559082,13.949999809265137,13.729999542236328,2583674,13.729999542236328,2018-07-16
1531868400,13.359999656677246,12.779999732971191,13.170000076293945,12.819999694824219,2798116,12.819999694824219,2018-07-17
1531954800,13.140000343322754,12.510000228881836,12.569999694824219,12.960000038146973,2029713,12.960000038146973,2018-07-18
1532041200,12.5600004196167,11.770000457763672,12.399999618530273,12.0600004196167,1985474,12.0600004196167,2018-07-19
1532127600,12.449999809265137,11.970000267028809,12.390000343322754,12.180000305175781,1283765,12.180000305175781,2018-07-20
1532214000,12.199999809265137,11.920000076293945,12.09000015258789,12.119999885559082,768418,12.119999885559082,2018-07-21
1532300400,12.119999885559082,11.609999656677246,11.90999984741211,12.020000457763672,1257894,12.020000457763672,2018-07-22
1532386800,12.850000381469727,12.0,12.819999694824219,12.119999885559082,2158727,12.119999885559082,2018-07-23
1532473200,13.539999961853027,11.880000114440918,11.9399995803833,12.970000267028809,3210670,12.970000267028809,2018-07-24
1532559600,13.350000381469727,12.40999984741211,12.720000267028809,13.3100004196167,3300371,13.3100004196167,2018-07-25
1532646000,14.09000015258789,13.149999618530273,13.569999694824219,13.979999542236328,6814316,13.979999542236328,2018-07-26
1532732400,15.09000015258789,13.710000038146973,13.960000038146973,14.680000305175781,9874394,14.680000305175781,2018-07-27
1532818800,14.670000076293945,13.619999885559082,14.59000015258789,14.0,4711992,14.0,2018-07-28
1532905200,13.710000038146973,13.130000114440918,13.710000038146973,13.210000038146973,1556764,13.210000038146973,2018-07-29
1532991600,14.109999656677246,12.4399995803833,12.5,13.84000015258789,3415062,13.84000015258789,2018-07-30
1533078000,14.109999656677246,13.0600004196167,13.449999809265137,13.619999885559082,5046598,13.619999885559082,2018-07-31
1533164400,14.1899995803833,12.989999771118164,13.329999923706055,14.1899995803833,3526275,14.1899995803833,2018-08-01
1533250800,14.710000038146973,13.859999656677246,14.390000343322754,14.079999923706055,3114144,14.079999923706055,2018-08-02
1533337200,14.229999542236328,13.550000190734863,13.770000457763672,13.859999656677246,1700835,13.859999656677246,2018-08-03
1533423600,14.0,13.350000381469727,13.920000076293945,13.649999618530273,923267,13.649999618530273,2018-08-04
1533510000,13.770000457763672,13.300000190734863,13.529999732971191,13.65999984741211,1214664,13.65999984741211,2018-08-05
1533596400,13.529999732971191,12.479999542236328,12.779999732971191,13.130000114440918,1653913,13.130000114440918,2018-08-06
1533682800,12.40999984741211,11.760000228881836,12.350000381469727,12.140000343322754,2068228,12.140000343322754,2018-08-07
1533769200,12.84000015258789,12.15999984741211,12.449999809265137,12.800000190734863,1818638,12.800000190734863,2018-08-08
1533855600,12.149999618530273,11.369999885559082,11.670000076293945,12.109999656677246,1980480,12.109999656677246,2018-08-09
1533942000,12.069999694824219,11.300000190734863,11.609999656677246,11.699999809265137,2151875,11.699999809265137,2018-08-10
1534028400,11.800000190734863,11.300000190734863,11.680000305175781,11.779999732971191,1039594,11.779999732971191,2018-08-11
1534114800,11.039999961853027,10.079999923706055,10.529999732971191,10.279999732971191,2527680,10.279999732971191,2018-08-12
1534201200,10.199999809265137,9.15999984741211,10.09000015258789,9.40999984741211,2853532,9.40999984741211,2018-08-13
1534287600,10.319999694824219,9.3100004196167,9.510000228881836,9.5,3056416,9.5,2018-08-14
1534374000,9.890000343322754,9.420000076293945,9.710000038146973,9.789999961853027,1026010,9.789999961853027,2018-08-15
1534460400,10.970000267028809,10.609999656677246,10.8100004196167,10.880000114440918,2148182,10.880000114440918,2018-08-16
1534546800,10.130000114440918,9.680000305175781,10.130000114440918,9.920000076293945,1849825,9.920000076293945,2018-08-17
1534633200,10.199999809265137,9.949999809265137,10.079999923706055,10.149999618530273,756521,10.149999618530273,2018-08-18
1534719600,9.649999618530273,9.029999732971191,9.170000076293945,9.640000343322754,1107592,9.640000343322754,2018-08-19
1534806000,10.010000228881836,9.609999656677246,10.010000228881836,9.729999542236328,888876,9.729999542236328,2018-08-20
1534892400,9.600000381469727,9.170000076293945,9.359999656677246,9.510000228881836,1750352,9.510000228881836,2018-08-21
1534978800,9.760000228881836,9.529999732971191,9.699999809265137,9.75,888753,9.75,2018-08-22
1535065200,10.399999618530273,9.770000457763672,9.949999809265137,10.220000267028809,1260504,10.220000267028809,2018-08-23
1535151600,10.1899995803833,9.850000381469727,10.079999923706055,10.109999656677246,753653,10.109999656677246,2018-08-24
1535238000,10.300000190734863,9.899999618530273,9.989999771118164,10.210000038146973,771184,10.210000038146973,2018-08-25
1535324400,11.75,10.670000076293945,10.75,11.1899995803833,2094530,11.1899995803833,2018-08-26
1535410800,11.649999618530273,11.260000228881836,11.479999542236328,11.479999542236328,1652104,11.479999542236328,2018-08-27
1535497200,11.25,10.829999923706055,11.210000038146973,11.180000305175781,1063550,11.180000305175781,2018-08-28
1535583600,11.039999961853027,10.550000190734863,11.010000228881836,10.770000457763672,1043824,10.770000457763672,2018-08-29
1535670000,10.979999542236328,10.600000381469727,10.670000076293945,10.960000038146973,1032161,10.960000038146973,2018-08-30
1535756400,11.8100004196167,11.229999542236328,11.520000457763672,11.449999809265137,1228209,11.449999809265137,2018-08-31
1535842800,11.479999542236328,11.1899995803833,11.460000038146973,11.350000381469727,653143,11.350000381469727,2018-09-01
1535929200,11.350000381469727,11.079999923706055,11.119999885559082,11.3100004196167,836343,11.3100004196167,2018-09-02
1536015600,11.420000076293945,11.109999656677246,11.170000076293945,11.420000076293945,1145798,11.420000076293945,2018-09-03
1536102000,10.0,9.079999923706055,9.140000343322754,9.989999771118164,1575216,9.989999771118164,2018-09-04
1536188400,10.359999656677246,9.640000343322754,9.979999542236328,10.270000457763672,1369438,10.270000457763672,2018-09-05
1536274800,9.949999809265137,9.430000305175781,9.609999656677246,9.949999809265137,1189671,9.949999809265137,2018-09-06
1536361200,9.65999984741211,8.75,9.100000381469727,9.520000457763672,1037343,9.520000457763672,2018-09-07
1536447600,9.699999809265137,9.130000114440918,9.489999771118164,9.529999732971191,1182588,9.529999732971191,2018-09-08
1536534000,9.829999923706055,9.399999618530273,9.579999923706055,9.529999732971191,777475,9.529999732971191,2018-09-09
1536620400,9.5600004196167,8.869999885559082,8.949999809265137,9.350000381469727,1109255,9.350000381469727,2018-09-10
1536706800,9.979999542236328,9.100000381469727,9.239999771118164,9.199999809265137,1628530,9.199999809265137,2018-09-11
1536793200,10.6899995803833,9.510000228881836,10.619999885559082,9.609999656677246,1297515,9.609999656677246,2018-09-12
1536879600,9.930000305175781,9.140000343322754,9.5,9.850000381469727,1110848,9.850000381469727,2018-09-13
1536966000,10.649999618530273,9.859999656677246,10.489999771118164,10.020000457763672,858359,10.020000457763672,2018-09-14
1537052400,10.300000190734863,9.6899995803833,10.0,9.9399995803833,532706,9.9399995803833,2018-09-15
1537138800,9.449999809265137,8.670000076293945,8.859999656677246,9.350000381469727,729112,9.350000381469727,2018-09-16
1537225200,9.989999771118164,9.279999732971191,9.9399995803833,9.520000457763672,861594,9.520000457763672,2018-09-17
1537311600,9.779999732971191,9.470000267028809,9.579999923706055,9.640000343322754,586106,9.640000343322754,2018-09-18
1537398000,10.5,10.0,10.319999694824219,10.050000190734863,707809,10.050000190734863,2018-09-19
1537484400,11.260000228881836,10.25,11.069999694824219,10.470000267028809,1500632,10.470000267028809,2018-09-20
1537570800,10.430000305175781,9.960000038146973,10.180000305175781,10.260000228881836,706386,10.260000228881836,2018-09-21
1537657200,10.539999961853027,10.15999984741211,10.420000076293945,10.289999961853027,499330,10.289999961853027,2018-09-22
1537743600,10.069999694824219,9.550000190734863,9.59000015258789,10.029999732971191,539291,10.029999732971191,2018-09-23
1537830000,10.239999771118164,9.550000190734863,9.640000343322754,9.829999923706055,936586,9.829999923706055,2018-09-24
1537916400,9.899999618530273,9.510000228881836,9.600000381469727,9.710000038146973,663678,9.710000038146973,2018-09-25
1538002800,10.539999961853027,9.90999984741211,10.380000114440918,10.0600004196167,732431,10.0600004196167,2018-09-26
1538089200,10.079999923706055,9.670000076293945,9.729999542236328,9.9399995803833,541177,9.9399995803833,2018-09-27
1538175600,10.520000457763672,9.789999961853027,10.380000114440918,10.020000457763672,950116,10.020000457763672,2018-09-28
1538262000,10.119999885559082,9.789999961853027,10.050000190734863,10.020000457763672,847890,10.020000457763672,2018-09-29
1538348400,10.109999656677246,9.84000015258789,9.9399995803833,9.949999809265137,369248,9.949999809265137,2018-09-30
1538434800,10.5600004196167,9.6899995803833,9.720000267028809,10.289999961853027,1078651,10.289999961853027,2018-10-01
1538521200,10.420000076293945,9.930000305175781,10.069999694824219,10.279999732971191,1093915,10.279999732971191,2018-10-02
1538607600,10.359999656677246,10.069999694824219,10.359999656677246,10.270000457763672,808347,10.270000457763672,2018-10-03
1538694000,10.9399995803833,10.449999809265137,10.550000190734863,10.670000076293945,919444,10.670000076293945,2018-10-04
1538780400,10.649999618530273,10.34000015258789,10.510000228881836,10.390000343322754,469168,10.390000343322754,2018-10-05
1538866800,10.5600004196167,10.399999618530273,10.4399995803833,10.539999961853027,305040,10.539999961853027,2018-10-06
1538953200,10.779999732971191,10.489999771118164,10.720000267028809,10.550000190734863,374779,10.550000190734863,2018-10-07
1539039600,10.539999961853027,10.239999771118164,10.460000038146973,10.380000114440918,604265,10.380000114440918,2018-10-08
1539126000,10.390000343322754,10.210000038146973,10.279999732971191,10.329999923706055,339510,10.329999923706055,2018-10-09
1539212400,9.289999961853027,8.680000305175781,8.699999809265137,9.279999732971191,1320087,9.279999732971191,2018-10-10
1539298800,9.579999923706055,9.380000114440918,9.569999694824219,9.529999732971191,499966,9.529999732971191,2018-10-11
1539385200,9.729999542236328,9.489999771118164,9.680000305175781,9.59000015258789,310011,9.59000015258789,2018-10-12
1539471600,9.539999961853027,9.279999732971191,9.369999885559082,9.520000457763672,354429,9.520000457763672,2018-10-13
1539558000,10.59000015258789,9.5600004196167,10.289999961853027,10.390000343322754,1878529,10.390000343322754,2018-10-14
1539644400,10.390000343322754,9.989999771118164,10.369999885559082,10.010000228881836,636749,10.010000228881836,2018-10-15
1539730800,10.050000190734863,9.800000190734863,9.920000076293945,9.989999771118164,990596,9.989999771118164,2018-10-16
1539817200,9.84000015258789,9.619999885559082,9.739999771118164,9.720000267028809,785452,9.720000267028809,2018-10-17
1539903600,9.979999542236328,9.65999984741211,9.760000228881836,9.800000190734863,457731,9.800000190734863,2018-10-18
1539990000,9.90999984741211,9.739999771118164,9.90999984741211,9.789999961853027,473159,9.789999961853027,2018-10-19
1540076400,9.819999694824219,9.6899995803833,9.779999732971191,9.779999732971191,397583,9.779999732971191,2018-10-20
1540162800,9.770000457763672,9.65999984741211,9.739999771118164,9.75,453886,9.75,2018-10-21
1540249200,9.890000343322754,9.710000038146973,9.760000228881836,9.819999694824219,885710,9.819999694824219,2018-10-22
1540335600,9.800000190734863,9.630000114440918,9.779999732971191,9.770000457763672,639744,9.770000457763672,2018-10-23
1540422000,9.739999771118164,9.59000015258789,9.6899995803833,9.6899995803833,435103,9.6899995803833,2018-10-24
1540508400,9.8100004196167,9.649999618530273,9.789999961853027,9.75,467684,9.75,2018-10-25
1540594800,9.720000267028809,9.609999656677246,9.720000267028809,9.649999618530273,303491,9.649999618530273,2018-10-26
1540681200,9.729999542236328,9.59000015258789,9.6899995803833,9.640000343322754,269621,9.640000343322754,2018-10-27
1540771200,9.420000076293945,9.199999809265137,9.260000228881836,9.369999885559082,687788,9.369999885559082,2018-10-29
1540857600,9.460000038146973,9.350000381469727,9.420000076293945,9.380000114440918,405285,9.380000114440918,2018-10-30
1540944000,9.510000228881836,9.399999618530273,9.460000038146973,9.449999809265137,335187,9.449999809265137,2018-10-31
1541030400,9.59000015258789,9.460000038146973,9.489999771118164,9.539999961853027,350150,9.539999961853027,2018-11-01
1541116800,9.710000038146973,9.529999732971191,9.649999618530273,9.59000015258789,495970,9.59000015258789,2018-11-02
1541203200,9.579999923706055,9.479999542236328,9.520000457763672,9.539999961853027,262231,9.539999961853027,2018-11-03
1541289600,10.130000114440918,9.569999694824219,10.100000381469727,9.779999732971191,1130749,9.779999732971191,2018-11-04
1541376000,9.789999961853027,9.649999618530273,9.6899995803833,9.710000038146973,430560,9.710000038146973,2018-11-05
1541462400,10.199999809265137,9.779999732971191,10.170000076293945,9.8100004196167,712650,9.8100004196167,2018-11-06
1541548800,9.890000343322754,9.65999984741211,9.739999771118164,9.84000015258789,350290,9.84000015258789,2018-11-07
1541635200,9.680000305175781,9.479999542236328,9.550000190734863,9.609999656677246,647337,9.609999656677246,2018-11-08
1541721600,9.579999923706055,9.430000305175781,9.539999961853027,9.529999732971191,283226,9.529999732971191,2018-11-09
1541808000,9.65999984741211,9.460000038146973,9.640000343322754,9.539999961853027,328518,9.539999961853027,2018-11-10
1541894400,9.5600004196167,9.449999809265137,9.529999732971191,9.489999771118164,195703,9.489999771118164,2018-11-11
1541980800,9.460000038146973,9.260000228881836,9.449999809265137,9.380000114440918,377752,9.380000114440918,2018-11-12
1542067200,9.329999923706055,9.15999984741211,9.170000076293945,9.239999771118164,257191,9.239999771118164,2018-11-13
1542153600,8.739999771118164,8.119999885559082,8.180000305175781,8.449999809265137,1316757,8.449999809265137,2018-11-14
1542240000,8.479999542236328,8.119999885559082,8.399999618530273,8.229999542236328,611795,8.229999542236328,2018-11-15
1542326400,7.96999979019165,7.800000190734863,7.929999828338623,7.889999866485596,496662,7.889999866485596,2018-11-16
1542412800,7.889999866485596,7.630000114440918,7.889999866485596,7.75,505111,7.75,2018-11-17
1542499200,8.069999694824219,7.840000152587891,7.889999866485596,8.020000457763672,444134,8.020000457763672,2018-11-18
1542585600,6.929999828338623,6.510000228881836,6.699999809265137,6.599999904632568,1018530,6.599999904632568,2018-11-19
1542672000,5.900000095367432,5.510000228881836,5.820000171661377,5.789999961853027,1155718,5.789999961853027,2018-11-20
1542758400,6.210000038146973,5.860000133514404,6.050000190734863,6.199999809265137,640218,6.199999809265137,2018-11-21
1542844800,5.71999979019165,5.619999885559082,5.679999828338623,5.690000057220459,188554,5.690000057220459,2018-11-22
1542931200,5.650000095367432,5.449999809265137,5.619999885559082,5.570000171661377,520970,5.570000171661377,2018-11-23
1543017600,5.110000133514404,4.78000020980835,5.090000152587891,5.079999923706055,527953,5.079999923706055,2018-11-24
1543104000,5.28000020980835,4.949999809265137,5.28000020980835,5.199999809265137,447710,5.199999809265137,2018-11-25
1543190400,4.96999979019165,4.769999980926514,4.849999904632568,4.96999979019165,324341,4.96999979019165,2018-11-26
1543276800,5.079999923706055,4.849999904632568,5.03000020980835,4.920000076293945,431565,4.920000076293945,2018-11-27
1543363200,5.590000152587891,5.28000020980835,5.489999771118164,5.329999923706055,531182,5.329999923706055,2018-11-28
1543449600,5.369999885559082,5.090000152587891,5.099999904632568,5.349999904632568,476726,5.349999904632568,2018-11-29
1543536000,5.170000076293945,4.96999979019165,5.139999866485596,5.070000171661377,301368,5.070000171661377,2018-11-30
1543622400,5.369999885559082,5.21999979019165,5.329999923706055,5.289999961853027,253195,5.289999961853027,2018-12-01
1543708800,5.320000171661377,5.150000095367432,5.179999828338623,5.239999771118164,172389,5.239999771118164,2018-12-02
1543795200,5.099999904632568,4.849999904632568,4.880000114440918,5.090000152587891,490498,5.090000152587891,2018-12-03
1543881600,6.289999961853027,5.170000076293945,5.170000076293945,5.889999866485596,2033217,5.889999866485596,2018-12-04
1543968000,6.199999809265137,5.400000095367432,5.449999809265137,5.989999771118164,1819276,5.989999771118164,2018-12-05
1544054400,5.349999904632568,4.670000076293945,5.329999923706055,4.889999866485596,1388715,4.889999866485596,2018-12-06
1544140800,5.239999771118164,4.440000057220459,5.059999942779541,4.53000020980835,1250576,4.53000020980835,2018-12-07
1544227200,4.849999904632568,4.340000152587891,4.429999828338623,4.679999828338623,535867,4.679999828338623,2018-12-08
1544313600,4.920000076293945,4.679999828338623,4.840000152587891,4.820000171661377,322042,4.820000171661377,2018-12-09
1544400000,4.760000228881836,4.590000152587891,4.630000114440918,4.670000076293945,393347,4.670000076293945,2018-12-10
1544486400,4.929999828338623,4.5,4.539999961853027,4.889999866485596,680141,4.889999866485596,2018-12-11
1544572800,5.119999885559082,4.889999866485596,5.03000020980835,5.039999961853027,572127,5.039999961853027,2018-12-12
1544659200,4.820000171661377,4.610000133514404,4.809999942779541,4.639999866485596,402530,4.639999866485596,2018-12-13
1544745600,4.610000133514404,4.409999847412109,4.510000228881836,4.519999980926514,382921,4.519999980926514,2018-12-14
1544832000,4.599999904632568,4.519999980926514,4.539999961853027,4.570000171661377,165665,4.570000171661377,2018-12-15
1544918400,4.699999809265137,4.53000020980835,4.630000114440918,4.659999847412109,200171,4.659999847412109,2018-12-16
1545004800,5.230000019073486,5.010000228881836,5.210000038146973,5.130000114440918,512130,5.130000114440918,2018-12-17
1545091200,5.900000095367432,5.429999828338623,5.510000228881836,5.659999847412109,647382,5.659999847412109,2018-12-18
1545177600,5.570000171661377,5.320000171661377,5.559999942779541,5.449999809265137,630838,5.449999809265137,2018-12-19
1545264000,6.340000152587891,5.659999847412109,6.309999942779541,5.789999961853027,809361,5.789999961853027,2018-12-20
1545350400,5.599999904632568,5.320000171661377,5.440000057220459,5.559999942779541,572172,5.559999942779541,2018-12-21
1545436800,6.179999828338623,5.889999866485596,6.010000228881836,5.989999771118164,435461,5.989999771118164,2018-12-22
1545523200,6.659999847412109,5.940000057220459,6.659999847412109,6.079999923706055,550317,6.079999923706055,2018-12-23
1545609600,6.519999980926514,5.730000019073486,6.510000228881836,6.199999809265137,749046,6.199999809265137,2018-12-24
1545696000,5.889999866485596,5.539999961853027,5.769999980926514,5.599999904632568,442583,5.599999904632568,2018-12-25
1545782400,5.840000152587891,5.53000020980835,5.670000076293945,5.739999771118164,224302,5.739999771118164,2018-12-26
1545868800,5.400000095367432,5.019999980926514,5.050000190734863,5.300000190734863,367000,5.300000190734863,2018-12-27
1545955200,6.730000019073486,5.980000019073486,6.349999904632568,6.070000171661377,601851,6.070000171661377,2018-12-28
1546041600,6.099999904632568,5.599999904632568,5.960000038146973,5.849999904632568,626889,5.849999904632568,2018-12-29
1546128000,6.139999866485596,5.940000057220459,6.019999980926514,6.050000190734863,324668,6.050000190734863,2018-12-30
1546214400,6.199999809265137,5.690000057220459,5.710000038146973,6.199999809265137,871799,6.199999809265137,2018-12-31
1546300800,6.650000095367432,6.039999961853027,6.630000114440918,6.130000114440918,589662,6.130000114440918,2019-01-01
1546387200,6.769999980926514,6.090000152587891,6.730000019073486,6.21999979019165,1816769,6.21999979019165,2019-01-02
1546473600,6.050000190734863,5.829999923706055,5.940000057220459,5.920000076293945,960426,5.920000076293945,2019-01-03
1546560000,6.329999923706055,5.949999809265137,6.179999828338623,6.119999885559082,1262914,6.119999885559082,2019-01-04
1546646400,6.139999866485596,5.889999866485596,6.130000114440918,6.090000152587891,994899,6.090000152587891,2019-01-05
1546732800,6.53000020980835,6.159999847412109,6.179999828338623,6.440000057220459,1521064,6.440000057220459,2019-01-06
1546819200,6.380000114440918,6.130000114440918,6.179999828338623,6.309999942779541,1412486,6.309999942779541,2019-01-07
1546905600,6.820000171661377,6.25,6.269999980926514,6.679999828338623,2329719,6.679999828338623,2019-01-08
1546992000,6.920000076293945,6.460000038146973,6.679999828338623,6.690000057220459,2501115,6.690000057220459,2019-01-09
1547078400,6.010000228881836,5.539999961853027,5.659999847412109,5.949999809265137,3640610,5.949999809265137,2019-01-10
1547164800,6.239999771118164,5.800000190734863,5.909999847412109,6.059999942779541,2987608,6.059999942779541,2019-01-11
1547251200,6.03000020980835,5.809999942779541,6.0,5.980000019073486,1086307,5.980000019073486,2019-01-12
1547337600,5.75,5.5,5.539999961853027,5.590000152587891,907510,5.590000152587891,2019-01-13
1547424000,6.409999847412109,5.96999979019165,6.21999979019165,6.179999828338623,1141208,6.179999828338623,2019-01-14
1547510400,5.96999979019165,5.550000190734863,5.769999980926514,5.909999847412109,674581,5.909999847412109,2019-01-15
1547596800,6.25,5.820000171661377,6.0,6.179999828338623,1034221,6.179999828338623,2019-01-16
1547683200,6.429999828338623,6.090000152587891,6.210000038146973,6.429999828338623,840965,6.429999828338623,2019-01-17
1547769600,6.590000152587891,6.179999828338623,6.260000228881836,6.559999942779541,1169574,6.559999942779541,2019-01-18
1547856000,6.800000190734863,6.400000095367432,6.789999961853027,6.650000095367432,695551,6.650000095367432,2019-01-19
1547942400,6.550000190734863,6.300000190734863,6.309999942779541,6.449999809265137,954887,6.449999809265137,2019-01-20
1548028800,6.570000171661377,6.320000171661377,6.360000133514404,6.519999980926514,659152,6.519999980926514,2019-01-21
1548115200,6.679999828338623,6.440000057220459,6.659999847412109,6.539999961853027,633224,6.539999961853027,2019-01-22
1548201600,6.579999923706055,6.409999847412109,6.460000038146973,6.539999961853027,313621,6.539999961853027,2019-01-23
1548288000,6.610000133514404,6.489999771118164,6.550000190734863,6.53000020980835,361897,6.53000020980835,2019-01-24
1548374400,6.78000020980835,6.400000095367432,6.429999828338623,6.710000038146973,713803,6.710000038146973,2019-01-25
1548460800,7.019999980926514,6.650000095367432,6.730000019073486,7.0,842169,7.0,2019-01-26
1548547200,7.050000190734863,6.590000152587891,6.75,7.039999961853027,1477638,7.039999961853027,2019-01-27
1548633600,7.190000057220459,6.119999885559082,6.670000076293945,6.199999809265137,5033104,6.199999809265137,2019-01-28
1548720000,6.269999980926514,6.039999961853027,6.110000133514404,6.139999866485596,968216,6.139999866485596,2019-01-29
1548806400,6.46999979019165,6.099999904632568,6.389999866485596,6.190000057220459,826250,6.190000057220459,2019-01-30
1548892800,6.289999961853027,5.949999809265137,6.070000171661377,6.25,907913,6.25,2019-01-31
1548979200,6.710000038146973,6.21999979019165,6.260000228881836,6.539999961853027,1188260,6.539999961853027,2019-02-01
1549065600,7.059999942779541,6.730000019073486,6.78000020980835,6.889999866485596,695337,6.889999866485596,2019-02-02
1549152000,6.840000152587891,6.590000152587891,6.659999847412109,6.78000020980835,682202,6.78000020980835,2019-02-03
1549238400,7.119999885559082,6.679999828338623,6.760000228881836,7.059999942779541,1067401,7.059999942779541,2019-02-04
1549324800,7.940000057220459,6.929999828338623,7.059999942779541,7.840000152587891,2022186,7.840000152587891,2019-02-05
1549411200,8.59000015258789,7.409999847412109,7.659999847412109,8.109999656677246,2708078,8.109999656677246,2019-02-06
1549497600,8.390000343322754,7.860000133514404,8.09000015258789,7.880000114440918,792060,7.880000114440918,2019-02-07
1549584000,9.15999984741211,8.079999923706055,9.029999732971191,8.600000381469727,1709708,8.600000381469727,2019-02-08
1549670400,9.0,8.460000038146973,8.600000381469727,8.920000076293945,1106127,8.920000076293945,2019-02-09
1549756800,9.960000038146973,9.119999885559082,9.369999885559082,9.1899995803833,2346127,9.1899995803833,2019-02-10
1549843200,9.789999961853027,8.819999694824219,8.84000015258789,9.510000228881836,2244954,9.510000228881836,2019-02-11
1549929600,9.970000267028809,9.010000228881836,9.649999618530273,9.300000190734863,2415309,9.300000190734863,2019-02-12
1550016000,9.270000457763672,8.75,9.270000457763672,8.949999809265137,1407038,8.949999809265137,2019-02-13
1550102400,8.899999618530273,8.380000114440918,8.84000015258789,8.789999961853027,1233031,8.789999961853027,2019-02-14
1550188800,9.449999809265137,8.819999694824219,8.869999885559082,9.289999961853027,2383990,9.289999961853027,2019-02-15
1550275200,9.430000305175781,9.050000190734863,9.380000114440918,9.140000343322754,859597,9.140000343322754,2019-02-16
1550361600,9.970000267028809,9.100000381469727,9.960000038146973,9.25,1902236,9.25,2019-02-17
1550448000,10.199999809265137,9.350000381469727,10.100000381469727,9.670000076293945,2311030,9.670000076293945,2019-02-18
1550534400,10.920000076293945,9.300000190734863,9.529999732971191,10.550000190734863,3772847,10.550000190734863,2019-02-19
1550620800,11.680000305175781,10.800000190734863,10.899999618530273,10.949999809265137,3698311,10.949999809265137,2019-02-20
1550707200,10.8100004196167,10.09000015258789,10.739999771118164,10.5,2128387,10.5,2019-02-21
1550793600,11.170000076293945,10.649999618530273,10.6899995803833,10.880000114440918,1175453,10.880000114440918,2019-02-22
1550880000,11.640000343322754,10.710000038146973,11.640000343322754,10.819999694824219,1905196,10.819999694824219,2019-02-23
1550966400,10.039999961853027,8.649999618530273,9.050000190734863,10.020000457763672,3350484,10.020000457763672,2019-02-24
1551052800,10.6899995803833,9.369999885559082,10.4399995803833,9.75,7318423,9.75,2019-02-25
1551139200,9.739999771118164,9.430000305175781,9.619999885559082,9.470000267028809,1618306,9.470000267028809,2019-02-26
1551225600,10.199999809265137,9.380000114440918,9.390000343322754,9.920000076293945,2674762,9.920000076293945,2019-02-27
1551312000,10.489999771118164,9.760000228881836,9.949999809265137,10.34000015258789,3519899,10.34000015258789,2019-02-28
1551398400,11.479999542236328,10.260000228881836,10.329999923706055,11.40999984741211,3484281,11.40999984741211,2019-03-01
1551484800,11.930000305175781,10.789999961853027,11.220000267028809,11.890000343322754,3746017,11.890000343322754,2019-03-02
1551571200,11.65999984741211,11.15999984741211,11.65999984741211,11.510000228881836,1392364,11.510000228881836,2019-03-03
1551657600,11.5,10.869999885559082,11.09000015258789,11.479999542236328,1430934,11.479999542236328,2019-03-04
1551744000,14.729999542236328,12.449999809265137,12.529999732971191,13.779999732971191,6111448,13.779999732971191,2019-03-05
1551830400,14.829999923706055,13.149999618530273,13.84000015258789,14.670000076293945,3390115,14.670000076293945,2019-03-06
1551916800,15.510000228881836,14.329999923706055,14.579999923706055,15.180000305175781,4857119,15.180000305175781,2019-03-07
1552003200,15.0,13.319999694824219,14.829999923706055,14.380000114440918,4013459,14.380000114440918,2019-03-08
1552089600,15.260000228881836,14.319999694824219,14.789999961853027,14.5600004196167,2179685,14.5600004196167,2019-03-09
1552176000,14.5,13.979999542236328,14.359999656677246,14.449999809265137,1394736,14.449999809265137,2019-03-10
1552262400,14.770000457763672,14.100000381469727,14.15999984741211,14.529999732971191,2060846,14.529999732971191,2019-03-11
1552348800,15.569999694824219,14.430000305175781,14.619999885559082,15.4399995803833,2487642,15.4399995803833,2019-03-12
1552435200,15.420000076293945,15.050000190734863,15.270000457763672,15.170000076293945,1605298,15.170000076293945,2019-03-13
1552521600,15.180000305175781,14.619999885559082,15.15999984741211,14.989999771118164,1630441,14.989999771118164,2019-03-14
1552608000,15.619999885559082,15.0600004196167,15.520000457763672,15.0600004196167,1749070,15.0600004196167,2019-03-15
1552694400,16.1200008392334,14.8100004196167,15.5,16.020000457763672,2777527,16.020000457763672,2019-03-16
1552780800,16.059999465942383,15.640000343322754,15.800000190734863,15.75,1265785,15.75,2019-03-17
1552867200,15.819999694824219,15.350000381469727,15.609999656677246,15.640000343322754,2124747,15.640000343322754,2019-03-18
1552953600,16.020000457763672,15.119999885559082,15.75,15.609999656677246,6910850,15.609999656677246,2019-03-19
1553040000,15.699999809265137,15.210000038146973,15.6899995803833,15.270000457763672,2139854,15.270000457763672,2019-03-20
1553126400,14.970000267028809,14.119999885559082,14.770000457763672,14.460000038146973,2247613,14.460000038146973,2019-03-21
1553212800,15.260000228881836,14.460000038146973,14.579999923706055,15.239999771118164,1501266,15.239999771118164,2019-03-22
1553299200,15.470000267028809,15.100000381469727,15.34000015258789,15.1899995803833,846336,15.1899995803833,2019-03-23
1553385600,17.420000076293945,14.670000076293945,15.020000457763672,17.15999984741211,6735602,17.15999984741211,2019-03-24
1553472000,17.010000228881836,16.219999313354492,16.8799991607666,16.809999465942383,3106873,16.809999465942383,2019-03-25
1553558400,16.850000381469727,15.710000038146973,16.850000381469727,16.200000762939453,2521407,16.200000762939453,2019-03-26
1553644800,17.190000534057617,16.549999237060547,16.90999984741211,16.700000762939453,1952138,16.700000762939453,2019-03-27
1553731200,16.770000457763672,16.389999389648438,16.479999542236328,16.719999313354492,1095767,16.719999313354492,2019-03-28
1553817600,17.5,16.59000015258789,17.440000534057617,16.610000610351562,1737977,16.610000610351562,2019-03-29
1553904000,17.110000610351562,16.010000228881836,16.479999542236328,17.079999923706055,1936861,17.079999923706055,2019-03-30
1553990400,17.860000610351562,16.829999923706055,16.969999313354492,17.639999389648438,2622181,17.639999389648438,2019-03-31
1554073200,18.270000457763672,17.290000915527344,17.579999923706055,17.940000534057617,2707087,17.940000534057617,2019-03-31
1554159600,21.229999542236328,19.59000015258789,20.860000610351562,19.90999984741211,4793149,19.90999984741211,2019-04-01
1554246000,19.5,17.25,19.450000762939453,18.549999237060547,7118378,18.549999237060547,2019-04-02
1554332400,19.6299991607666,18.149999618530273,18.190000534057617,19.1299991607666,4650623,19.1299991607666,2019-04-03
1554418800,20.229999542236328,19.0,20.1299991607666,19.56999969482422,2760807,19.56999969482422,2019-04-04
1554505200,19.790000915527344,18.459999084472656,19.549999237060547,19.15999984741211,2101951,19.15999984741211,2019-04-05
1554591600,20.299999237060547,19.0,20.229999542236328,19.1200008392334,2037825,19.1200008392334,2019-04-06
1554678000,19.75,17.989999771118164,19.719999313354492,18.15999984741211,3838421,18.15999984741211,2019-04-07
1554764400,18.600000381469727,17.309999465942383,17.68000030517578,18.489999771118164,3262977,18.489999771118164,2019-04-08
1554850800,18.709999084472656,17.770000457763672,18.610000610351562,18.25,2266049,18.25,2019-04-09
1554937200,17.729999542236328,16.639999389648438,17.0,17.6299991607666,2428181,17.6299991607666,2019-04-10
1555023600,18.600000381469727,17.110000610351562,17.559999465942383,18.459999084472656,2848275,18.459999084472656,2019-04-11
1555110000,18.84000015258789,18.049999237060547,18.459999084472656,18.770000457763672,2715002,18.770000457763672,2019-04-12
1555196400,20.510000228881836,19.030000686645508,19.25,19.579999923706055,3307647,19.579999923706055,2019-04-13
1555282800,19.3799991607666,18.190000534057617,18.610000610351562,19.299999237060547,2022719,19.299999237060547,2019-04-14
1555369200,20.110000610351562,19.309999465942383,20.09000015258789,19.790000915527344,1478255,19.790000915527344,2019-04-15
1555455600,19.940000534057617,19.469999313354492,19.809999465942383,19.610000610351562,833564,19.610000610351562,2019-04-16
1555542000,22.350000381469727,19.760000228881836,20.5,22.049999237060547,5029656,22.049999237060547,2019-04-17
1555628400,25.06999969482422,21.59000015258789,21.989999771118164,24.520000457763672,6571045,24.520000457763672,2019-04-18
1555714800,25.520000457763672,23.950000762939453,24.489999771118164,25.0,4658875,25.0,2019-04-19
1555801200,24.489999771118164,22.799999237060547,24.469999313354492,24.229999542236328,4445775,24.229999542236328,2019-04-20
1555887600,24.889999389648438,23.1200008392334,24.459999084472656,23.959999084472656,3015249,23.959999084472656,2019-04-21
1555974000,24.100000381469727,22.489999771118164,23.790000915527344,22.709999084472656,2870033,22.709999084472656,2019-04-22
1556060400,23.350000381469727,21.350000381469727,22.100000381469727,23.200000762939453,3940846,23.200000762939453,2019-04-23
1556146800,22.290000915527344,20.8700008392334,21.3700008392334,22.209999084472656,2772496,22.209999084472656,2019-04-24
1556233200,23.65999984741211,22.309999465942383,22.719999313354492,22.84000015258789,3297390,22.84000015258789,2019-04-25
1556319600,23.219999313354492,22.110000610351562,23.1200008392334,22.309999465942383,1717296,22.309999465942383,2019-04-26
1556406000,23.110000610351562,22.209999084472656,22.25,23.040000915527344,1441099,23.040000915527344,2019-04-27
1556492400,22.889999389648438,21.700000762939453,22.850000381469727,21.889999389648438,1658657,21.889999389648438,2019-04-28
1556578800,23.209999084472656,22.229999542236328,22.969999313354492,22.389999389648438,1673640,22.389999389648438,2019-04-29
1556665200,22.200000762939453,21.6299991607666,21.989999771118164,22.049999237060547,1410186,22.049999237060547,2019-04-30
1556751600,24.15999984741211,21.729999542236328,22.030000686645508,23.530000686645508,3824548,23.530000686645508,2019-05-01
1556838000,24.899999618530273,23.049999237060547,24.549999237060547,23.760000228881836,3017734,23.760000228881836,2019-05-02
1556924400,23.280000686645508,22.450000762939453,23.100000381469727,22.90999984741211,1382244,22.90999984741211,2019-05-03
1557010800,23.440000534057617,22.739999771118164,22.950000762939453,23.1200008392334,1295537,23.1200008392334,2019-05-04
1557097200,24.489999771118164,21.65999984741211,24.489999771118164,22.270000457763672,3350969,22.270000457763672,2019-05-05
1557183600,21.6299991607666,20.229999542236328,21.610000610351562,20.579999923706055,2780739,20.579999923706055,2019-05-06
1557270000,21.790000915527344,19.950000762939453,20.93000030517578,20.719999313354492,4740442,20.719999313354492,2019-05-07
1557356400,20.860000610351562,15.260000228881836,20.65999984741211,18.829999923706055,3407857,18.829999923706055,2019-05-08
1557442800,20.010000228881836,18.34000015258789,19.010000228881836,19.559999465942383,2191676,19.559999465942383,2019-05-09
1557529200,22.190000534057617,20.010000228881836,21.81999969482422,20.979999542236328,4458628,20.979999542236328,2019-05-10
1557615600,21.219999313354492,19.65999984741211,20.510000228881836,20.959999084472656,2460054,20.959999084472656,2019-05-11
1557702000,24.440000534057617,21.540000915527344,21.81999969482422,23.5,5990615,23.5,2019-05-12
1557788400,26.8799991607666,23.149999618530273,26.059999465942383,23.739999771118164,6102987,23.739999771118164,2019-05-13
1557874800,30.280000686645508,26.360000610351562,27.18000030517578,26.850000381469727,6280484,26.850000381469727,2019-05-14
1557961200,28.690000534057617,25.030000686645508,28.559999465942383,26.25,8382924,26.25,2019-05-15
1558047600,27.100000381469727,23.8799991607666,24.299999237060547,25.8799991607666,7357350,25.8799991607666,2019-05-16
1558134000,29.010000228881836,24.399999618530273,24.729999542236328,28.920000076293945,7136984,28.920000076293945,2019-05-17
1558220400,32.459999084472656,28.6200008392334,32.25,29.350000381469727,8033968,29.350000381469727,2019-05-18
1558306800,29.799999237060547,27.8799991607666,28.360000610351562,29.469999313354492,4908861,29.469999313354492,2019-05-19
1558393200,33.31999969482422,28.450000762939453,29.799999237060547,32.61000061035156,12667182,32.61000061035156,2019-05-20
1558479600,31.649999618530273,29.579999923706055,31.139999389648438,30.899999618530273,6530797,30.899999618530273,2019-05-21
1558566000,32.7599983215332,30.40999984741211,31.170000076293945,31.540000915527344,5397365,31.540000915527344,2019-05-22
1558652400,34.650001525878906,31.700000762939453,32.04999923706055,34.25,7070723,34.25,2019-05-23
1558738800,35.4900016784668,33.779998779296875,34.5,35.310001373291016,4942730,35.310001373291016,2019-05-24
1558825200,37.65999984741211,33.400001525878906,37.65999984741211,33.63999938964844,5986081,33.63999938964844,2019-05-25
1558911600,35.83000183105469,33.04999923706055,34.09000015258789,33.630001068115234,5928078,33.630001068115234,2019-05-26
1558998000,34.63999938964844,32.40999984741211,33.58000183105469,33.13999938964844,4166368,33.13999938964844,2019-05-27
1559084400,34.130001068115234,31.84000015258789,32.91999816894531,33.70000076293945,4376579,33.70000076293945,2019-05-28
1559170800,32.70000076293945,29.59000015258789,31.809999465942383,31.649999618530273,7201831,31.649999618530273,2019-05-29
1559257200,33.689998626708984,32.279998779296875,33.27000045776367,32.84000015258789,3610943,32.84000015258789,2019-05-30
1559343600,34.369998931884766,32.58000183105469,32.90999984741211,33.349998474121094,101206324,33.349998474121094,2019-05-31
1559430000,33.959999084472656,32.86000061035156,33.93000030517578,33.150001525878906,2440199,33.150001525878906,2019-06-01
1559516400,30.8799991607666,29.93000030517578,30.8799991607666,30.780000686645508,64591685,30.780000686645508,2019-06-02
1559602800,30.079999923706055,28.719999313354492,29.1200008392334,29.200000762939453,71563081,29.200000762939453,2019-06-03
1559689200,31.1299991607666,29.239999771118164,29.6299991607666,30.950000762939453,88321725,30.950000762939453,2019-06-04
1559775600,31.979999542236328,30.6299991607666,31.010000228881836,31.25,88493395,31.25,2019-06-05
1559862000,32.22999954223633,31.43000030517578,32.029998779296875,31.459999084472656,63125095,31.459999084472656,2019-06-06
1559948400,32.02000045776367,30.700000762939453,30.81999969482422,31.850000381469727,2164633,31.850000381469727,2019-06-07
1560034800,30.829999923706055,30.09000015258789,30.709999084472656,30.209999084472656,70481552,30.209999084472656,2019-06-08
1560121200,32.709999084472656,31.84000015258789,32.36000061035156,32.189998626708984,2268757,32.189998626708984,2019-06-09
1560207600,32.15999984741211,31.479999542236328,31.81999969482422,32.040000915527344,2244209,32.040000915527344,2019-06-10
1560294000,36.0099983215332,34.29999923706055,34.380001068115234,35.0099983215332,3806620,35.0099983215332,2019-06-11
1560380400,35.709999084472656,33.439998626708984,33.95000076293945,35.22999954223633,3925021,35.22999954223633,2019-06-12
1560466800,36.529998779296875,30.600000381469727,36.43000030517578,32.56999969482422,9967517,32.56999969482422,2019-06-13
1560553200,34.84000015258789,32.22999954223633,33.25,32.81999969482422,4391175,32.81999969482422,2019-06-14
