date,high,low,open,close,volume,adjclose,formatted_date
1498690800,0.984499990940094,0.6000000238418579,0.8500000238418579,0.8500000238418579,13984,0.8500000238418579,2017-06-28
1498777200,1.909999966621399,0.6499999761581421,0.8500000238418579,0.9120000004768372,22117,0.9120000004768372,2017-06-29
1498863600,1.350000023841858,0.800000011920929,0.9120000004768372,1.0499999523162842,125944,1.0499999523162842,2017-06-30
1498950000,3.880000114440918,0.9455000162124634,1.0499999523162842,3.0,7026243,3.0,2017-07-01
1499036400,6.900000095367432,2.5,3.0,4.199999809265137,21951537,4.199999809265137,2017-07-02
1499122800,4.449999809265137,2.559999942779541,4.199999809265137,3.240000009536743,18817513,3.240000009536743,2017-07-03
1499209200,3.3499999046325684,2.609999895095825,3.240000009536743,2.859999895095825,8117576,2.859999895095825,2017-07-04
1499295600,3.549999952316284,2.8299999237060547,2.859999895095825,3.2300000190734863,10051055,3.2300000190734863,2017-07-05
1499382000,3.3299999237060547,2.619999885559082,3.2300000190734863,2.6500000953674316,7465810,2.6500000953674316,2017-07-06
1499468400,2.759999990463257,2.049999952316284,2.6500000953674316,2.369999885559082,8588127,2.369999885559082,2017-07-07
1499554800,2.509999990463257,2.069999933242798,2.369999885559082,2.2200000286102295,5414423,2.2200000286102295,2017-07-08
1499641200,2.25,1.440000057220459,2.2200000286102295,1.7000000476837158,7816152,1.7000000476837158,2017-07-09
1499727600,1.840000033378601,1.399999976158142,1.7000000476837158,1.5299999713897705,8732379,1.5299999713897705,2017-07-10
1499814000,2.069999933242798,1.409999966621399,1.5299999713897705,1.9600000381469727,6247001,1.9600000381469727,2017-07-11
1499900400,2.0199999809265137,1.5800000429153442,1.9600000381469727,1.7100000381469727,3892904,1.7100000381469727,2017-07-12
1499986800,1.7100000381469727,1.4600000381469727,1.7100000381469727,1.5099999904632568,3712786,1.5099999904632568,2017-07-13
1500073200,1.5199999809265137,1.2799999713897705,1.5099999904632568,1.2899999618530273,4110173,1.2899999618530273,2017-07-14
1500159600,1.3700000047683716,1.1200000047683716,1.2899999618530273,1.2200000286102295,3648786,1.2200000286102295,2017-07-15
1500246000,1.590000033378601,1.2000000476837158,1.2200000286102295,1.5099999904632568,4910881,1.5099999904632568,2017-07-16
1500332400,1.7799999713897705,1.440000057220459,1.5099999904632568,1.6699999570846558,5033825,1.6699999570846558,2017-07-17
1500418800,1.7999999523162842,1.3899999856948853,1.6699999570846558,1.4500000476837158,4576710,1.4500000476837158,2017-07-18
1500505200,1.7899999618530273,1.409999966621399,1.4500000476837158,1.7100000381469727,3412364,1.7100000381469727,2017-07-19
1500591600,1.9800000190734863,1.6799999475479126,1.7100000381469727,1.7899999618530273,4266150,1.7899999618530273,2017-07-20
1500678000,2.0799999237060547,1.7699999809265137,1.7899999618530273,2.0299999713897705,3886531,2.0299999713897705,2017-07-21
1500764400,2.180000066757202,1.7999999523162842,2.0299999713897705,1.909999966621399,5162630,1.909999966621399,2017-07-22
1500850800,1.9900000095367432,1.809999942779541,1.909999966621399,1.899999976158142,3396305,1.899999976158142,2017-07-23
1500937200,1.909999966621399,1.5299999713897705,1.899999976158142,1.6699999570846558,5017566,1.6699999570846558,2017-07-24
1501023600,1.7400000095367432,1.4900000095367432,1.6699999570846558,1.659999966621399,4538640,1.659999966621399,2017-07-25
1501110000,1.940000057220459,1.6399999856948853,1.659999966621399,1.909999966621399,5308046,1.909999966621399,2017-07-26
1501196400,1.9800000190734863,1.7699999809265137,1.909999966621399,1.7999999523162842,5264663,1.7999999523162842,2017-07-27
1501282800,1.8700000047683716,1.600000023841858,1.7999999523162842,1.809999942779541,4810950,1.809999942779541,2017-07-28
1501369200,1.8899999856948853,1.690000057220459,1.809999942779541,1.7899999618530273,3085982,1.7899999618530273,2017-07-29
1501455600,1.809999942779541,1.6399999856948853,1.7899999618530273,1.7200000286102295,3919388,1.7200000286102295,2017-07-30
1501542000,1.8300000429153442,1.6799999475479126,1.7200000286102295,1.7699999809265137,5236301,1.7699999809265137,2017-07-31
1501628400,1.9299999475479126,1.690000057220459,1.7699999809265137,1.7599999904632568,3549752,1.7599999904632568,2017-08-01
1501714800,1.809999942779541,1.690000057220459,1.7599999904632568,1.7799999713897705,2981679,1.7799999713897705,2017-08-02
1501801200,1.850000023841858,1.7000000476837158,1.7799999713897705,1.7799999713897705,3395697,1.7799999713897705,2017-08-03
1501887600,1.9600000381469727,1.7200000286102295,1.7799999713897705,1.8600000143051147,5778221,1.8600000143051147,2017-08-04
1501974000,1.8799999952316284,1.75,1.8600000143051147,1.7599999904632568,4030809,1.7599999904632568,2017-08-05
1502060400,1.8700000047683716,1.7000000476837158,1.7599999904632568,1.8300000429153442,5206772,1.8300000429153442,2017-08-06
1502146800,1.9800000190734863,1.7899999618530273,1.8300000429153442,1.8600000143051147,6442701,1.8600000143051147,2017-08-07
1502233200,1.9800000190734863,1.7799999713897705,1.8600000143051147,1.8200000524520874,4507591,1.8200000524520874,2017-08-08
1502319600,1.909999966621399,1.7899999618530273,1.8200000524520874,1.840000033378601,4646113,1.840000033378601,2017-08-09
1502406000,1.8700000047683716,1.7000000476837158,1.840000033378601,1.7599999904632568,6178302,1.7599999904632568,2017-08-10
1502492400,1.8300000429153442,1.600000023841858,1.7599999904632568,1.649999976158142,4966141,1.649999976158142,2017-08-11
1502578800,1.690000057220459,1.5099999904632568,1.649999976158142,1.590000033378601,5671503,1.590000033378601,2017-08-12
1502665200,1.690000057220459,1.5099999904632568,1.590000033378601,1.6100000143051147,4853686,1.6100000143051147,2017-08-13
1502751600,1.7200000286102295,1.5700000524520874,1.6100000143051147,1.6200000047683716,5240985,1.6200000047683716,2017-08-14
1502838000,1.6399999856948853,1.5499999523162842,1.6200000047683716,1.590000033378601,4261201,1.590000033378601,2017-08-15
1502924400,1.6100000143051147,1.4900000095367432,1.590000033378601,1.5199999809265137,5121019,1.5199999809265137,2017-08-16
1503010800,1.5299999713897705,1.350000023841858,1.5199999809265137,1.399999976158142,4806175,1.399999976158142,2017-08-17
1503097200,1.440000057220459,1.2899999618530273,1.399999976158142,1.3899999856948853,3802323,1.3899999856948853,2017-08-18
1503183600,1.4199999570846558,1.3300000429153442,1.3899999856948853,1.3600000143051147,3418818,1.3600000143051147,2017-08-19
1503270000,1.3899999856948853,1.309999942779541,1.3600000143051147,1.3300000429153442,4382936,1.3300000429153442,2017-08-20
1503356400,1.3300000429153442,1.2400000095367432,1.3300000429153442,1.2699999809265137,4568631,1.2699999809265137,2017-08-21
1503442800,1.5399999618530273,1.2599999904632568,1.2699999809265137,1.4199999570846558,8702128,1.4199999570846558,2017-08-22
1503529200,1.4199999570846558,1.3300000429153442,1.4199999570846558,1.3700000047683716,3807187,1.3700000047683716,2017-08-23
1503615600,1.440000057220459,1.3300000429153442,1.3700000047683716,1.3700000047683716,4134960,1.3700000047683716,2017-08-24
1503702000,1.3899999856948853,1.3300000429153442,1.3700000047683716,1.3600000143051147,3183819,1.3600000143051147,2017-08-25
1503788400,1.3799999952316284,1.3200000524520874,1.3600000143051147,1.340000033378601,3134463,1.340000033378601,2017-08-26
1503874800,1.3600000143051147,1.2899999618530273,1.340000033378601,1.3300000429153442,3538019,1.3300000429153442,2017-08-27
1503961200,1.3799999952316284,1.309999942779541,1.3300000429153442,1.3200000524520874,4410672,1.3200000524520874,2017-08-28
1504047600,1.350000023841858,1.2200000286102295,1.3200000524520874,1.25,5856106,1.25,2017-08-29
1504134000,1.350000023841858,1.25,1.25,1.340000033378601,6523912,1.340000033378601,2017-08-30
1504220400,1.350000023841858,1.2799999713897705,1.340000033378601,1.3200000524520874,5539771,1.3200000524520874,2017-08-31
1504306800,1.440000057220459,1.190000057220459,1.3200000524520874,1.2400000095367432,5435995,1.2400000095367432,2017-09-01
1504393200,1.3300000429153442,1.2100000381469727,1.2400000095367432,1.2999999523162842,4887793,1.2999999523162842,2017-09-02
1504479600,1.2999999523162842,0.8219000101089478,1.2999999523162842,0.9142000079154968,11774351,0.9142000079154968,2017-09-03
1504566000,0.9776999950408936,0.7501999735832214,0.9142000079154968,0.9229999780654907,7729943,0.9229999780654907,2017-09-04
1504652400,1.159999966621399,0.8560000061988831,0.9229999780654907,0.9106000065803528,11989392,0.9106000065803528,2017-09-05
1504738800,1.0199999809265137,0.8519999980926514,0.9106000065803528,0.9828000068664551,10287229,0.9828000068664551,2017-09-06
1504825200,0.9911999702453613,0.7803999781608582,0.9828000068664551,0.8421000242233276,8815302,0.8421000242233276,2017-09-07
1504911600,0.8486999869346619,0.7577000260353088,0.8421000242233276,0.8173999786376953,3424553,0.8173999786376953,2017-09-08
1504998000,0.8192999958992004,0.6991999745368958,0.8173999786376953,0.7450000047683716,3960901,0.7450000047683716,2017-09-09
1505084400,0.7639999985694885,0.710099995136261,0.7450000047683716,0.7350000143051147,2765708,0.7350000143051147,2017-09-10
1505170800,0.8944000005722046,0.7289999723434448,0.7350000143051147,0.859000027179718,6731634,0.859000027179718,2017-09-11
1505257200,0.859499990940094,0.6603000164031982,0.859000027179718,0.7271999716758728,5613781,0.7271999716758728,2017-09-12
1505343600,0.76419997215271,0.5206999778747559,0.7271999716758728,0.5806000232696533,6929316,0.5806000232696533,2017-09-13
1505430000,0.6782000064849854,0.5149000287055969,0.5806000232696533,0.6510999798774719,4543809,0.6510999798774719,2017-09-14
1505516400,0.6797999739646912,0.5781000256538391,0.6510999798774719,0.6240000128746033,2166344,0.6240000128746033,2017-09-15
1505602800,0.6489999890327454,0.567799985408783,0.6240000128746033,0.6233000159263611,3524669,0.6233000159263611,2017-09-16
1505689200,0.7074999809265137,0.6229000091552734,0.6233000159263611,0.7049000263214111,3151410,0.7049000263214111,2017-09-17
1505775600,0.7128000259399414,0.6464999914169312,0.7049000263214111,0.6492999792098999,2555517,0.6492999792098999,2017-09-18
1505862000,0.6672999858856201,0.6151999831199646,0.6492999792098999,0.616599977016449,3416422,0.616599977016449,2017-09-19
1505948400,0.6292999982833862,0.54339998960495,0.616599977016449,0.5670999884605408,4113626,0.5670999884605408,2017-09-20
1506034800,0.5792999863624573,0.5311999917030334,0.5670999884605408,0.5659000277519226,2609360,0.5659000277519226,2017-09-21
1506121200,0.6047999858856201,0.5579000115394592,0.5659000277519226,0.578000009059906,2705869,0.578000009059906,2017-09-22
1506207600,0.5860999822616577,0.5414999723434448,0.578000009059906,0.5454000234603882,3208145,0.5454000234603882,2017-09-23
1506294000,0.5778999924659729,0.5245000123977661,0.5454000234603882,0.5687999725341797,3122841,0.5687999725341797,2017-09-24
1506380400,0.5853999853134155,0.5511000156402588,0.5687999725341797,0.5613999962806702,3111743,0.5613999962806702,2017-09-25
1506466800,0.6438000202178955,0.5569000244140625,0.5613999962806702,0.6313999891281128,6093032,0.6313999891281128,2017-09-26
1506553200,0.8237000107765198,0.6291999816894531,0.6313999891281128,0.8084999918937683,11634404,0.8084999918937683,2017-09-27
1506639600,0.843500018119812,0.6978999972343445,0.8084999918937683,0.7146000266075134,8597897,0.7146000266075134,2017-09-28
1506726000,0.7584999799728394,0.7060999870300293,0.7146000266075134,0.727400004863739,4603840,0.727400004863739,2017-09-29
1506812400,0.7285000085830688,0.663100004196167,0.727400004863739,0.7085000276565552,3774630,0.7085000276565552,2017-09-30
1506898800,0.718999981880188,0.6330999732017517,0.7085000276565552,0.6549000144004822,3348450,0.6549000144004822,2017-10-01
1506985200,0.6690000295639038,0.6057000160217285,0.6549000144004822,0.6308000087738037,2841163,0.6308000087738037,2017-10-02
1507071600,0.6347000002861023,0.5828999876976013,0.6308000087738037,0.6007999777793884,2556541,0.6007999777793884,2017-10-03
1507158000,0.621399998664856,0.5752000212669373,0.6007999777793884,0.605400025844574,3418564,0.605400025844574,2017-10-04
1507244400,0.6100000143051147,0.5861999988555908,0.605400025844574,0.6004999876022339,2401400,0.6004999876022339,2017-10-05
1507330800,0.6075000166893005,0.5712000131607056,0.6004999876022339,0.5895000100135803,2213861,0.5895000100135803,2017-10-06
1507417200,0.6173999905586243,0.5753999948501587,0.5895000100135803,0.6060000061988831,3004729,0.6060000061988831,2017-10-07
1507503600,0.6061000227928162,0.5248000025749207,0.6060000061988831,0.5580000281333923,3385306,0.5580000281333923,2017-10-08
1507590000,0.5892000198364258,0.5473999977111816,0.5580000281333923,0.5519999861717224,3287961,0.5519999861717224,2017-10-09
1507676400,0.6277999877929688,0.5468000173568726,0.5519999861717224,0.6075999736785889,4345919,0.6075999736785889,2017-10-10
1507762800,0.6420000195503235,0.5813999772071838,0.6075999736785889,0.5946999788284302,4340594,0.5946999788284302,2017-10-11
1507849200,0.6169000267982483,0.54830002784729,0.5946999788284302,0.5871999859809875,4042813,0.5871999859809875,2017-10-12
1507935600,0.6184999942779541,0.5767999887466431,0.5871999859809875,0.5835999846458435,3466288,0.5835999846458435,2017-10-13
1508022000,0.5917999744415283,0.5629000067710876,0.5835999846458435,0.5738000273704529,2788497,0.5738000273704529,2017-10-14
1508108400,0.5853000283241272,0.5593000054359436,0.5740000009536743,0.5608000159263611,2371426,0.5608000159263611,2017-10-15
1508194800,0.5674999952316284,0.5374000072479248,0.5612000226974487,0.5501000285148621,2552997,0.5501000285148621,2017-10-16
1508281200,0.5679000020027161,0.5109999775886536,0.5519000291824341,0.5432000160217285,3082220,0.5432000160217285,2017-10-17
1508367600,0.5946000218391418,0.5424000024795532,0.54339998960495,0.5662999749183655,3901100,0.5662999749183655,2017-10-18
1508454000,0.5888000130653381,0.5394999980926514,0.5665000081062317,0.5394999980926514,2991733,0.5394999980926514,2017-10-19
1508540400,0.5410000085830688,0.5121999979019165,0.5396000146865845,0.5284000039100647,3480635,0.5284000039100647,2017-10-20
1508626800,0.5414999723434448,0.49790000915527344,0.5281999707221985,0.5192000269889832,2365226,0.5192000269889832,2017-10-21
1508713200,0.5238999724388123,0.47929999232292175,0.5188999772071838,0.49239999055862427,3006265,0.49239999055862427,2017-10-22
1508799600,0.5511999726295471,0.47760000824928284,0.4925000071525574,0.5175999999046326,3087091,0.5175999999046326,2017-10-23
1508886000,0.5278000235557556,0.48559999465942383,0.517300009727478,0.5041000247001648,2290713,0.5041000247001648,2017-10-24
1508972400,0.5284000039100647,0.5023000240325928,0.5037999749183655,0.5188999772071838,2126872,0.5188999772071838,2017-10-25
1509058800,0.5236999988555908,0.5011000037193298,0.5188999772071838,0.5213000178337097,1868391,0.5213000178337097,2017-10-26
1509145200,0.5408999919891357,0.5164999961853027,0.5217999815940857,0.5339000225067139,2171490,0.5339000225067139,2017-10-27
1509231600,0.6793000102043152,0.5327000021934509,0.5335999727249146,0.6668000221252441,8282721,0.6668000221252441,2017-10-28
1509321600,0.746999979019165,0.6409000158309937,0.6671000123023987,0.7124999761581421,9021667,0.7124999761581421,2017-10-30
1509408000,0.7825999855995178,0.6675999760627747,0.7124999761581421,0.7825999855995178,6841174,0.7825999855995178,2017-10-31
1509494400,1.3300000429153442,0.7522000074386597,0.7821999788284302,1.0499999523162842,35716244,1.0499999523162842,2017-11-01
1509580800,1.2999999523162842,0.9160000085830688,1.0499999523162842,1.1100000143051147,34049392,1.1100000143051147,2017-11-02
1509667200,1.4199999570846558,1.059999942779541,1.1100000143051147,1.2000000476837158,31281541,1.2000000476837158,2017-11-03
1509753600,1.2999999523162842,1.0399999618530273,1.2000000476837158,1.1100000143051147,20190363,1.1100000143051147,2017-11-04
1509840000,1.1799999475479126,0.9729999899864197,1.1100000143051147,1.090000033378601,15041656,1.090000033378601,2017-11-05
1509926400,1.090000033378601,0.9014999866485596,1.090000033378601,0.9124000072479248,13562909,0.9124000072479248,2017-11-06
1510012800,0.9937000274658203,0.9107000231742859,0.9122999906539917,0.9517999887466431,7388368,0.9517999887466431,2017-11-07
1510099200,1.190000057220459,0.9434000253677368,0.95169997215271,1.1200000047683716,18144083,1.1200000047683716,2017-11-08
1510185600,1.2100000381469727,1.1200000047683716,1.1200000047683716,1.1799999475479126,10712325,1.1799999475479126,2017-11-09
1510272000,1.190000057220459,0.9843999743461609,1.1799999475479126,1.0299999713897705,11005764,1.0299999713897705,2017-11-10
1510358400,1.190000057220459,1.0,1.0299999713897705,1.159999966621399,10015980,1.159999966621399,2017-11-11
1510444800,1.190000057220459,1.0199999809265137,1.159999966621399,1.090000033378601,9319549,1.090000033378601,2017-11-12
1510531200,1.190000057220459,1.0800000429153442,1.090000033378601,1.1799999475479126,7492603,1.1799999475479126,2017-11-13
1510617600,1.690000057220459,1.1799999475479126,1.1799999475479126,1.6799999475479126,31284841,1.6799999475479126,2017-11-14
1510704000,1.7300000190734863,1.5099999904632568,1.6799999475479126,1.6699999570846558,25979233,1.6699999570846558,2017-11-15
1510790400,1.8700000047683716,1.559999942779541,1.6699999570846558,1.6699999570846558,29287595,1.6699999570846558,2017-11-16
1510876800,1.8200000524520874,1.5800000429153442,1.6699999570846558,1.7400000095367432,20311991,1.7400000095367432,2017-11-17
1510963200,1.9900000095367432,1.649999976158142,1.7400000095367432,1.9199999570846558,21390803,1.9199999570846558,2017-11-18
1511049600,2.059999942779541,1.75,1.909999966621399,1.8799999952316284,21388039,1.8799999952316284,2017-11-19
1511136000,2.049999952316284,1.8300000429153442,1.8799999952316284,1.9900000095367432,19143342,1.9900000095367432,2017-11-20
1511222400,2.119999885559082,1.840000033378601,1.9900000095367432,1.909999966621399,23733914,1.909999966621399,2017-11-21
1511308800,1.9900000095367432,1.7599999904632568,1.909999966621399,1.8899999856948853,17831198,1.8899999856948853,2017-11-22
1511395200,1.9800000190734863,1.850000023841858,1.8899999856948853,1.8799999952316284,15119870,1.8799999952316284,2017-11-23
1511481600,1.909999966621399,1.7100000381469727,1.8799999952316284,1.8799999952316284,13361558,1.8799999952316284,2017-11-24
1511568000,2.069999933242798,1.7799999713897705,1.8799999952316284,2.049999952316284,15220203,2.049999952316284,2017-11-25
1511654400,2.7100000381469727,1.9299999475479126,2.049999952316284,2.4600000381469727,3390936,2.4600000381469727,2017-11-26
1511740800,2.9600000381469727,2.3499999046325684,2.4600000381469727,2.859999895095825,36932451,2.859999895095825,2017-11-27
1511827200,3.059999942779541,2.7100000381469727,2.859999895095825,2.759999990463257,33310024,2.759999990463257,2017-11-28
1511913600,3.359999895095825,2.4800000190734863,2.759999990463257,2.7100000381469727,41887552,2.7100000381469727,2017-11-29
1512000000,2.9800000190734863,2.440000057220459,2.7100000381469727,2.8399999141693115,30681545,2.8399999141693115,2017-11-30
1512086400,3.25,2.690000057220459,2.8399999141693115,3.2200000286102295,22754467,3.2200000286102295,2017-12-01
1512172800,3.9800000190734863,3.1600000858306885,3.2200000286102295,3.9100000858306885,43225605,3.9100000858306885,2017-12-02
1512259200,4.119999885559082,3.4000000953674316,3.9100000858306885,3.5799999237060547,37420561,3.5799999237060547,2017-12-03
1512345600,4.199999809265137,3.4100000858306885,3.5799999237060547,4.039999961853027,41289807,4.039999961853027,2017-12-04
1512432000,4.570000171661377,3.6500000953674316,4.039999961853027,4.190000057220459,69064180,4.190000057220459,2017-12-05
1512518400,5.119999885559082,4.159999847412109,4.190000057220459,4.46999979019165,68301459,4.46999979019165,2017-12-06
1512604800,4.46999979019165,3.2799999713897705,4.46999979019165,3.890000104904175,59402340,3.890000104904175,2017-12-07
1512691200,4.5,3.5299999713897705,3.890000104904175,4.21999979019165,39526763,4.21999979019165,2017-12-08
1512777600,4.630000114440918,3.680000066757202,4.21999979019165,3.9800000190734863,39182987,3.9800000190734863,2017-12-09
1512864000,4.010000228881836,3.4000000953674316,3.9800000190734863,3.6700000762939453,26372941,3.6700000762939453,2017-12-10
1512950400,4.480000019073486,3.6500000953674316,3.6700000762939453,4.389999866485596,44205898,4.389999866485596,2017-12-11
1513036800,5.880000114440918,4.230000019073486,4.389999866485596,5.079999923706055,69445612,5.079999923706055,2017-12-12
1513123200,7.28000020980835,4.690000057220459,5.079999923706055,7.28000020980835,208583796,7.28000020980835,2017-12-13
1513209600,8.699999809265137,7.039999961853027,7.28000020980835,8.199999809265137,175990593,8.199999809265137,2017-12-14
1513296000,8.359999656677246,6.519999980926514,8.199999809265137,7.929999828338623,114730452,7.929999828338623,2017-12-15
1513382400,9.289999961853027,7.889999866485596,7.929999828338623,8.350000381469727,103287522,8.350000381469727,2017-12-16
1513468800,8.989999771118164,7.809999942779541,8.350000381469727,7.96999979019165,65294868,7.96999979019165,2017-12-17
1513555200,8.970000267028809,7.21999979019165,7.96999979019165,8.880000114440918,87399002,8.880000114440918,2017-12-18
1513641600,12.489999771118164,8.649999618530273,8.880000114440918,11.489999771118164,308476717,11.489999771118164,2017-12-19
1513728000,11.699999809265137,9.6899995803833,11.489999771118164,10.4399995803833,100087015,10.4399995803833,2017-12-20
1513814400,11.850000381469727,9.710000038146973,10.449999809265137,10.640000343322754,102539472,10.640000343322754,2017-12-21
1513900800,10.65999984741211,3.140000104904175,10.649999618530273,7.690000057220459,233409143,7.690000057220459,2017-12-22
1513987200,9.25,7.480000019073486,7.690000057220459,8.260000228881836,73949389,8.260000228881836,2017-12-23
1514073600,8.420000076293945,6.710000038146973,8.260000228881836,7.989999771118164,51606674,7.989999771118164,2017-12-24
1514160000,8.829999923706055,7.619999885559082,7.989999771118164,8.149999618530273,30585091,8.149999618530273,2017-12-25
1514246400,8.710000038146973,8.050000190734863,8.149999618530273,8.600000381469727,39825469,8.600000381469727,2017-12-26
1514332800,9.40999984741211,8.0600004196167,8.600000381469727,8.720000267028809,45882343,8.720000267028809,2017-12-27
1514419200,8.760000228881836,7.260000228881836,8.720000267028809,8.100000381469727,37397942,8.100000381469727,2017-12-28
1514505600,8.729999542236328,7.900000095367432,8.100000381469727,8.119999885559082,33063363,8.119999885559082,2017-12-29
1514592000,8.1899995803833,6.519999980926514,8.119999885559082,7.079999923706055,39561494,7.079999923706055,2017-12-30
1514678400,7.820000171661377,7.0,7.079999923706055,7.690000057220459,17720129,7.690000057220459,2017-12-31
1514764800,7.949999809265137,7.199999809265137,7.690000057220459,7.639999866485596,16182124,7.639999866485596,2018-01-01
1514851200,8.600000381469727,7.630000114440918,7.639999866485596,8.300000190734863,37943548,8.300000190734863,2018-01-02
1514937600,9.430000305175781,7.840000152587891,8.300000190734863,9.430000305175781,36750566,9.430000305175781,2018-01-03
1515024000,10.489999771118164,9.149999618530273,9.430000305175781,9.470000267028809,68944379,9.470000267028809,2018-01-04
1515110400,9.850000381469727,8.510000228881836,9.470000267028809,9.289999961853027,39367702,9.289999961853027,2018-01-05
1515196800,9.899999618530273,8.729999542236328,9.289999961853027,9.829999923706055,29054146,9.829999923706055,2018-01-06
1515283200,10.890000343322754,9.760000228881836,9.829999923706055,10.15999984741211,38918502,10.15999984741211,2018-01-07
1515369600,10.390000343322754,8.140000343322754,10.15999984741211,9.600000381469727,46591820,9.600000381469727,2018-01-08
1515456000,9.739999771118164,8.800000190734863,9.600000381469727,9.229999542236328,20872868,9.229999542236328,2018-01-09
1515542400,11.489999771118164,8.369999885559082,9.229999542236328,11.199999809265137,86012294,11.199999809265137,2018-01-10
1515628800,12.460000038146973,8.90999984741211,11.199999809265137,11.270000457763672,115951605,11.270000457763672,2018-01-11
1515715200,15.239999771118164,10.569999694824219,11.270000457763672,13.800000190734863,175879710,13.800000190734863,2018-01-12
1515801600,18.670000076293945,13.430000305175781,13.800000190734863,16.0,294136188,16.0,2018-01-13
1515888000,16.1299991607666,12.899999618530273,16.0,13.229999542236328,98670786,13.229999542236328,2018-01-14
1515974400,14.699999809265137,12.680000305175781,13.229999542236328,12.779999732971191,61599316,12.779999732971191,2018-01-15
1516060800,12.979999542236328,8.3100004196167,12.779999732971191,10.0,158929640,10.0,2018-01-16
1516147200,10.5600004196167,7.5,10.0,10.149999618530273,103387986,10.149999618530273,2018-01-17
1516233600,11.470000267028809,9.649999618530273,10.149999618530273,10.180000305175781,60490149,10.180000305175781,2018-01-18
1516320000,11.430000305175781,9.739999771118164,10.180000305175781,11.069999694824219,48673168,11.069999694824219,2018-01-19
1516406400,15.75,11.039999961853027,11.069999694824219,15.529999732971191,144827267,15.529999732971191,2018-01-20
1516492800,15.569999694824219,12.0,15.510000228881836,13.470000267028809,149233104,13.470000267028809,2018-01-21
1516579200,15.140000343322754,12.449999809265137,13.470000267028809,13.380000114440918,162529908,13.380000114440918,2018-01-22
1516665600,13.920000076293945,11.600000381469727,13.380000114440918,12.880000114440918,117889152,12.880000114440918,2018-01-23
1516752000,13.970000267028809,12.510000228881836,12.880000114440918,13.899999618530273,58178915,13.899999618530273,2018-01-24
1516838400,15.09000015258789,13.470000267028809,13.899999618530273,14.25,90728372,14.25,2018-01-25
1516924800,14.800000190734863,12.8100004196167,14.25,14.239999771118164,74893464,14.239999771118164,2018-01-26
1517011200,14.739999771118164,13.859999656677246,14.239999771118164,14.380000114440918,38578052,14.380000114440918,2018-01-27
1517097600,14.970000267028809,14.09000015258789,14.380000114440918,14.75,46763405,14.75,2018-01-28
1517184000,14.850000381469727,13.300000190734863,14.75,13.539999961853027,47827947,13.539999961853027,2018-01-29
1517270400,13.600000381469727,10.869999885559082,13.539999961853027,11.350000381469727,99688763,11.350000381469727,2018-01-30
1517356800,12.25,10.3100004196167,11.359999656677246,11.979999542236328,63633373,11.979999542236328,2018-01-31
1517443200,12.170000076293945,9.75,11.979999542236328,10.029999732971191,85914653,10.029999732971191,2018-02-01
1517529600,11.09000015258789,8.40999984741211,10.029999732971191,10.229999542236328,106403040,10.229999542236328,2018-02-02
1517616000,11.25,9.149999618530273,10.229999542236328,10.640000343322754,50876511,10.640000343322754,2018-02-03
1517702400,10.850000381469727,8.380000114440918,10.640000343322754,8.890000343322754,49886702,8.890000343322754,2018-02-04
1517788800,9.300000190734863,6.820000171661377,8.890000343322754,7.059999942779541,72469479,7.059999942779541,2018-02-05
1517875200,8.470000267028809,5.800000190734863,7.059999942779541,8.289999961853027,81791456,8.289999961853027,2018-02-06
1517961600,8.970000267028809,7.380000114440918,8.289999961853027,7.670000076293945,56898859,7.670000076293945,2018-02-07
1518048000,8.789999961853027,7.639999866485596,7.670000076293945,8.3100004196167,41479525,8.3100004196167,2018-02-08
1518134400,9.609999656677246,7.929999828338623,8.3100004196167,9.479999542236328,39613927,9.479999542236328,2018-02-09
1518220800,9.899999618530273,8.399999618530273,9.479999542236328,8.899999618530273,37909871,8.899999618530273,2018-02-10
1518307200,8.920000076293945,7.960000038146973,8.899999618530273,8.329999923706055,25248958,8.329999923706055,2018-02-11
1518393600,9.350000381469727,8.329999923706055,8.329999923706055,9.130000114440918,34662763,9.130000114440918,2018-02-12
1518480000,9.199999809265137,8.539999961853027,9.130000114440918,8.9399995803833,23890849,8.9399995803833,2018-02-13
1518566400,9.920000076293945,8.9399995803833,8.9399995803833,9.850000381469727,38404990,9.850000381469727,2018-02-14
1518652800,10.119999885559082,9.449999809265137,9.850000381469727,9.84000015258789,36626120,9.84000015258789,2018-02-15
1518739200,9.949999809265137,9.34000015258789,9.84000015258789,9.84000015258789,27955640,9.84000015258789,2018-02-16
1518825600,10.0600004196167,9.729999542236328,9.84000015258789,10.020000457763672,27896156,10.020000457763672,2018-02-17
1518912000,10.050000190734863,8.899999618530273,10.020000457763672,9.0600004196167,39063214,9.0600004196167,2018-02-18
1518998400,9.649999618530273,9.020000457763672,9.0600004196167,9.489999771118164,23899754,9.489999771118164,2018-02-19
1519084800,9.800000190734863,8.779999732971191,9.489999771118164,8.880000114440918,28805936,8.880000114440918,2018-02-20
1519171200,8.930000305175781,8.09000015258789,8.880000114440918,8.34000015258789,30234547,8.34000015258789,2018-02-21
1519257600,8.649999618530273,7.579999923706055,8.34000015258789,7.78000020980835,35995904,7.78000020980835,2018-02-22
1519344000,8.529999732971191,7.610000133514404,7.78000020980835,8.260000228881836,29409230,8.260000228881836,2018-02-23
1519430400,8.460000038146973,7.619999885559082,8.260000228881836,7.900000095367432,24487295,7.900000095367432,2018-02-24
1519516800,7.960000038146973,7.46999979019165,7.900000095367432,7.690000057220459,20366252,7.690000057220459,2018-02-25
1519603200,8.329999923706055,7.389999866485596,7.690000057220459,7.989999771118164,30728075,7.989999771118164,2018-02-26
1519689600,8.829999923706055,7.860000133514404,7.989999771118164,8.390000343322754,32077140,8.390000343322754,2018-02-27
1519776000,9.130000114440918,8.170000076293945,8.390000343322754,8.1899995803833,25382716,8.1899995803833,2018-02-28
1519862400,8.569999694824219,8.09000015258789,8.1899995803833,8.550000190734863,17311442,8.550000190734863,2018-03-01
1519948800,8.699999809265137,7.920000076293945,8.550000190734863,8.020000457763672,19563191,8.020000457763672,2018-03-02
1520035200,8.279999732971191,7.869999885559082,8.020000457763672,7.920000076293945,11394964,7.920000076293945,2018-03-03
1520121600,8.15999984741211,7.739999771118164,7.920000076293945,8.149999618530273,15892301,8.149999618530273,2018-03-04
1520208000,8.289999961853027,7.940000057220459,8.149999618530273,7.949999809265137,12477673,7.949999809265137,2018-03-05
1520294400,7.949999809265137,7.019999980926514,7.949999809265137,7.130000114440918,30257108,7.130000114440918,2018-03-06
1520380800,7.289999961853027,5.949999809265137,7.130000114440918,6.429999828338623,60872863,6.429999828338623,2018-03-07
1520467200,6.699999809265137,5.880000114440918,6.429999828338623,6.099999904632568,31117578,6.099999904632568,2018-03-08
1520553600,6.179999828338623,5.210000038146973,6.099999904632568,6.019999980926514,54802035,6.019999980926514,2018-03-09
1520640000,6.449999809265137,5.610000133514404,6.019999980926514,5.639999866485596,34772317,5.639999866485596,2018-03-10
1520726400,6.199999809265137,5.409999847412109,5.639999866485596,6.039999961853027,26935027,6.039999961853027,2018-03-11
1520812800,6.179999828338623,5.579999923706055,6.039999961853027,5.71999979019165,23819476,5.71999979019165,2018-03-12
1520899200,5.940000057220459,5.539999961853027,5.71999979019165,5.789999961853027,22139945,5.789999961853027,2018-03-13
1520985600,6.03000020980835,5.159999847412109,5.789999961853027,5.28000020980835,22907530,5.28000020980835,2018-03-14
1521072000,5.329999923706055,4.789999961853027,5.28000020980835,5.119999885559082,37002691,5.119999885559082,2018-03-15
1521158400,5.320000171661377,4.860000133514404,5.119999885559082,5.039999961853027,19975948,5.039999961853027,2018-03-16
1521244800,5.090000152587891,4.53000020980835,5.039999961853027,4.630000114440918,18106075,4.630000114440918,2018-03-17
1521331200,4.769999980926514,3.890000104904175,4.630000114440918,4.619999885559082,49194100,4.619999885559082,2018-03-18
1521417600,6.260000228881836,4.519999980926514,4.619999885559082,6.179999828338623,77909968,6.179999828338623,2018-03-19
1521504000,6.349999904632568,5.340000152587891,6.179999828338623,5.929999828338623,84203796,5.929999828338623,2018-03-20
1521590400,7.28000020980835,5.840000152587891,5.929999828338623,6.900000095367432,89502747,6.900000095367432,2018-03-21
1521676800,7.25,6.139999866485596,6.900000095367432,6.889999866485596,96445849,6.889999866485596,2018-03-22
1521763200,7.070000171661377,6.21999979019165,6.889999866485596,6.940000057220459,82632857,6.940000057220459,2018-03-23
1521849600,7.079999923706055,6.480000019073486,6.940000057220459,6.510000228881836,42126043,6.510000228881836,2018-03-24
1521936000,6.670000076293945,6.369999885559082,6.510000228881836,6.429999828338623,25159269,6.429999828338623,2018-03-25
1522018800,6.510000228881836,5.260000228881836,6.429999828338623,5.78000020980835,89497826,5.78000020980835,2018-03-25
1522105200,6.519999980926514,5.179999828338623,5.78000020980835,5.800000190734863,109861151,5.800000190734863,2018-03-26
1522191600,6.5,5.619999885559082,5.800000190734863,6.199999809265137,49373112,6.199999809265137,2018-03-27
1522278000,6.289999961853027,5.75,6.199999809265137,5.880000114440918,69581065,5.880000114440918,2018-03-28
1522364400,6.179999828338623,5.699999809265137,5.880000114440918,6.010000228881836,60017503,6.010000228881836,2018-03-29
1522450800,6.159999847412109,5.860000133514404,6.010000228881836,5.929999828338623,24496899,5.929999828338623,2018-03-30
1522537200,5.989999771118164,5.119999885559082,5.929999828338623,5.599999904632568,48725464,5.599999904632568,2018-03-31
1522623600,5.900000095367432,5.5,5.599999904632568,5.820000171661377,27703153,5.820000171661377,2018-04-01
1522710000,6.150000095367432,5.739999771118164,5.820000171661377,6.019999980926514,26234452,6.019999980926514,2018-04-02
1522796400,6.070000171661377,5.5,6.019999980926514,5.670000076293945,23165677,5.670000076293945,2018-04-03
1522882800,6.409999847412109,5.409999847412109,5.670000076293945,6.329999923706055,51809541,6.329999923706055,2018-04-04
1522969200,6.380000114440918,5.670000076293945,6.329999923706055,5.840000152587891,52669141,5.840000152587891,2018-04-05
1523055600,6.010000228881836,5.78000020980835,5.840000152587891,5.900000095367432,15067894,5.900000095367432,2018-04-06
1523142000,6.019999980926514,5.840000152587891,5.900000095367432,5.980000019073486,12273126,5.980000019073486,2018-04-07
1523228400,6.090000152587891,5.75,5.980000019073486,5.860000133514404,22941517,5.860000133514404,2018-04-08
1523314800,6.079999923706055,5.75,5.860000133514404,6.0,20718978,6.0,2018-04-09
1523401200,8.899999618530273,5.96999979019165,6.0,8.520000457763672,217616413,8.520000457763672,2018-04-10
1523487600,9.279999732971191,7.860000133514404,8.520000457763672,8.829999923706055,234863030,8.829999923706055,2018-04-11
1523574000,9.569999694824219,8.600000381469727,8.829999923706055,8.819999694824219,135286684,8.819999694824219,2018-04-12
1523660400,9.229999542236328,8.109999656677246,8.819999694824219,8.710000038146973,81661653,8.710000038146973,2018-04-13
1523746800,8.8100004196167,7.809999942779541,8.710000038146973,8.529999732971191,80533722,8.529999732971191,2018-04-14
1523833200,8.529999732971191,7.809999942779541,8.529999732971191,8.119999885559082,61235004,8.119999885559082,2018-04-15
1523919600,9.100000381469727,8.09000015258789,8.119999885559082,8.5,83929179,8.5,2018-04-16
1524006000,9.229999542236328,8.449999809265137,8.5,9.039999961853027,62447868,9.039999961853027,2018-04-17
1524092400,9.479999542236328,8.899999618530273,9.039999961853027,9.479999542236328,63223176,9.479999542236328,2018-04-18
1524178800,11.699999809265137,9.460000038146973,9.479999542236328,11.449999809265137,207249542,11.449999809265137,2018-04-19
1524265200,11.630000114440918,10.220000267028809,11.449999809265137,11.140000343322754,128491247,11.140000343322754,2018-04-20
1524351600,11.880000114440918,10.75,11.140000343322754,11.300000190734863,127952499,11.300000190734863,2018-04-21
1524438000,12.029999732971191,11.229999542236328,11.300000190734863,11.619999885559082,93683579,11.619999885559082,2018-04-22
1524524400,16.139999389648438,11.609999656677246,11.619999885559082,15.109999656677246,451361989,15.109999656677246,2018-04-23
1524610800,15.520000457763672,13.369999885559082,15.109999656677246,14.460000038146973,414467803,14.460000038146973,2018-04-24
1524697200,15.59000015258789,13.850000381469727,14.460000038146973,15.4399995803833,180832731,15.4399995803833,2018-04-25
1524783600,17.899999618530273,14.770000457763672,15.4399995803833,16.610000610351562,268945990,16.610000610351562,2018-04-26
1524870000,19.489999771118164,16.440000534057617,16.610000610351562,18.780000686645508,336795670,18.780000686645508,2018-04-27
1524956400,23.020000457763672,18.739999771118164,18.780000686645508,21.40999984741211,535736275,21.40999984741211,2018-04-28
1525042800,21.639999389648438,16.520000457763672,21.40999984741211,17.459999084472656,475578188,17.459999084472656,2018-04-29
1525129200,19.030000686645508,15.920000076293945,17.459999084472656,18.739999771118164,337742031,18.739999771118164,2018-04-30
1525215600,19.6200008392334,18.18000030517578,18.739999771118164,19.229999542236328,243458284,19.229999542236328,2018-05-01
1525302000,19.350000381469727,16.860000610351562,19.229999542236328,17.670000076293945,241714019,17.670000076293945,2018-05-02
1525388400,18.040000915527344,16.239999771118164,17.670000076293945,17.049999237060547,146875689,17.049999237060547,2018-05-03
1525474800,18.649999618530273,17.020000457763672,17.049999237060547,17.770000457763672,132491229,17.770000457763672,2018-05-04
1525561200,17.989999771118164,16.549999237060547,17.770000457763672,17.389999389648438,132244229,17.389999389648438,2018-05-05
1525647600,18.420000076293945,16.6200008392334,17.389999389648438,17.799999237060547,200543250,17.799999237060547,2018-05-06
1525734000,18.959999084472656,17.68000030517578,17.799999237060547,17.959999084472656,139276323,17.959999084472656,2018-05-07
1525820400,18.09000015258789,16.989999771118164,17.959999084472656,17.790000915527344,117484283,17.790000915527344,2018-05-08
1525906800,18.75,17.31999969482422,17.790000915527344,17.31999969482422,144278684,17.31999969482422,2018-05-09
1525993200,17.649999618530273,13.920000076293945,17.31999969482422,14.819999694824219,447646972,14.819999694824219,2018-05-10
1526079600,15.140000343322754,12.069999694824219,14.819999694824219,13.949999809265137,360573041,13.949999809265137,2018-05-11
1526166000,15.119999885559082,13.40999984741211,13.949999809265137,14.59000015258789,152739698,14.59000015258789,2018-05-12
1526252400,14.720000267028809,12.9399995803833,14.59000015258789,13.800000190734863,180775937,13.800000190734863,2018-05-13
1526338800,14.390000343322754,12.399999618530273,13.800000190734863,12.800000190734863,129442284,12.800000190734863,2018-05-14
1526425200,13.069999694824219,11.829999923706055,12.800000190734863,12.670000076293945,142718703,12.670000076293945,2018-05-15
1526511600,13.949999809265137,12.0,12.670000076293945,12.229999542236328,168428381,12.229999542236328,2018-05-16
1526598000,13.199999809265137,11.90999984741211,12.229999542236328,12.90999984741211,151794322,12.90999984741211,2018-05-17
1526684400,13.34000015258789,12.470000267028809,12.90999984741211,13.119999885559082,65206856,13.119999885559082,2018-05-18
1526770800,14.1899995803833,12.930000305175781,13.119999885559082,13.949999809265137,98996985,13.949999809265137,2018-05-19
1526857200,14.15999984741211,13.109999656677246,13.949999809265137,13.430000305175781,76406114,13.430000305175781,2018-05-20
1526943600,13.449999809265137,11.9399995803833,13.430000305175781,12.109999656677246,118984066,12.109999656677246,2018-05-21
1527030000,12.34000015258789,10.460000038146973,12.109999656677246,10.670000076293945,215642423,10.670000076293945,2018-05-22
1527116400,12.880000114440918,10.34000015258789,10.670000076293945,12.75,211297651,12.75,2018-05-23
1527202800,12.789999961853027,11.5600004196167,12.75,12.180000305175781,147302302,12.180000305175781,2018-05-24
1527289200,12.869999885559082,11.850000381469727,12.180000305175781,12.210000038146973,84823677,12.210000038146973,2018-05-25
1527375600,12.569999694824219,11.9399995803833,12.210000038146973,12.4399995803833,71218985,12.4399995803833,2018-05-26
1527462000,12.979999542236328,11.300000190734863,12.4399995803833,11.510000228881836,149549332,11.510000228881836,2018-05-27
1527548400,12.489999771118164,10.710000038146973,11.510000228881836,12.140000343322754,204657987,12.140000343322754,2018-05-28
1527634800,12.640000343322754,11.680000305175781,12.140000343322754,11.880000114440918,120999468,11.880000114440918,2018-05-29
1527721200,12.699999809265137,11.819999694824219,11.880000114440918,12.229999542236328,93351499,12.229999542236328,2018-05-30
1527807600,12.350000381469727,11.890000343322754,12.229999542236328,12.229999542236328,89582640,12.229999542236328,2018-05-31
1527894000,15.539999961853027,12.109999656677246,12.229999542236328,14.619999885559082,337464603,14.619999885559082,2018-06-01
1527980400,15.420000076293945,14.25,14.619999885559082,14.520000457763672,172102428,14.520000457763672,2018-06-02
1528066800,14.859999656677246,13.25,14.520000457763672,13.430000305175781,151008581,13.430000305175781,2018-06-03
1528153200,14.279999732971191,12.84000015258789,13.430000305175781,14.149999618530273,146102109,14.149999618530273,2018-06-04
1528239600,14.270000457763672,13.34000015258789,14.149999618530273,13.90999984741211,102696368,13.90999984741211,2018-06-05
1528326000,14.619999885559082,13.670000076293945,13.90999984741211,14.600000381469727,108074992,14.600000381469727,2018-06-06
1528412400,14.789999961853027,13.5600004196167,14.600000381469727,14.010000228881836,144020309,14.010000228881836,2018-06-07
1528498800,14.970000267028809,13.960000038146973,14.010000228881836,14.109999656677246,122397842,14.109999656677246,2018-06-08
1528585200,14.109999656677246,10.050000190734863,14.109999656677246,11.010000228881836,360036842,11.010000228881836,2018-06-09
1528671600,11.4399995803833,10.40999984741211,11.010000228881836,11.300000190734863,138303311,11.300000190734863,2018-06-10
1528758000,11.319999694824219,9.59000015258789,11.300000190734863,9.979999542236328,104367792,9.979999542236328,2018-06-11
1528844400,10.3100004196167,9.100000381469727,9.979999542236328,10.0,136455160,10.0,2018-06-12
1528930800,11.649999618530273,9.4399995803833,10.0,11.25,167905845,11.25,2018-06-13
1529017200,11.25,10.359999656677246,11.25,10.539999961853027,101312867,10.539999961853027,2018-06-14
1529103600,10.8100004196167,10.119999885559082,10.539999961853027,10.539999961853027,69258904,10.539999961853027,2018-06-15
1529190000,10.75,10.270000457763672,10.539999961853027,10.34000015258789,35757903,10.34000015258789,2018-06-16
1529276400,10.90999984741211,10.130000114440918,10.34000015258789,10.729999542236328,56960426,10.729999542236328,2018-06-17
1529362800,10.90999984741211,10.449999809265137,10.729999542236328,10.699999809265137,45322164,10.699999809265137,2018-06-18
1529449200,10.84000015258789,10.199999809265137,10.699999809265137,10.430000305175781,62478883,10.430000305175781,2018-06-19
1529535600,10.880000114440918,10.180000305175781,10.430000305175781,10.40999984741211,47935977,10.40999984741211,2018-06-20
1529622000,10.449999809265137,8.239999771118164,10.40999984741211,8.529999732971191,167733079,8.529999732971191,2018-06-21
1529708400,8.779999732971191,8.020000457763672,8.520000457763672,8.369999885559082,62386555,8.369999885559082,2018-06-22
1529794800,8.4399995803833,6.900000095367432,8.369999885559082,8.050000190734863,185123451,8.050000190734863,2018-06-23
1529881200,8.489999771118164,7.710000038146973,8.050000190734863,8.180000305175781,86951796,8.180000305175781,2018-06-24
1529967600,8.25,7.340000152587891,8.180000305175781,7.360000133514404,73956325,7.360000133514404,2018-06-25
1530054000,8.260000228881836,7.260000228881836,7.360000133514404,7.989999771118164,78775579,7.989999771118164,2018-06-26
1530140400,8.069999694824219,7.300000190734863,7.989999771118164,7.380000114440918,61912498,7.380000114440918,2018-06-27
1530226800,7.960000038146973,7.039999961853027,7.380000114440918,7.75,74229595,7.75,2018-06-28
1530313200,8.319999694824219,7.75,7.75,8.119999885559082,64315477,8.119999885559082,2018-06-29
1530399600,8.25,7.769999980926514,8.119999885559082,8.130000114440918,35793533,8.130000114440918,2018-06-30
1530486000,9.1899995803833,7.909999847412109,8.130000114440918,8.979999542236328,94478199,8.979999542236328,2018-07-01
1530572400,9.4399995803833,8.720000267028809,8.979999542236328,8.8100004196167,93408111,8.8100004196167,2018-07-02
1530658800,9.430000305175781,8.520000457763672,8.8100004196167,8.90999984741211,65182768,8.90999984741211,2018-07-03
1530745200,9.199999809265137,8.670000076293945,8.90999984741211,8.850000381469727,60729345,8.850000381469727,2018-07-04
1530831600,8.880000114440918,8.319999694824219,8.850000381469727,8.630000114440918,52986545,8.630000114440918,2018-07-05
1530918000,8.930000305175781,8.380000114440918,8.630000114440918,8.859999656677246,31370501,8.859999656677246,2018-07-06
1531004400,9.010000228881836,8.6899995803833,8.859999656677246,8.710000038146973,30583818,8.710000038146973,2018-07-07
1531090800,8.739999771118164,7.429999828338623,8.710000038146973,7.690000057220459,68205938,7.690000057220459,2018-07-08
1531177200,7.789999961853027,7.059999942779541,7.690000057220459,7.139999866485596,91033193,7.139999866485596,2018-07-09
1531263600,7.409999847412109,6.760000228881836,7.139999866485596,7.159999847412109,66979170,7.159999847412109,2018-07-10
1531350000,7.170000076293945,6.559999942779541,7.159999847412109,6.920000076293945,64342083,6.920000076293945,2018-07-11
1531436400,7.239999771118164,6.690000057220459,6.920000076293945,6.900000095367432,51379058,6.900000095367432,2018-07-12
1531522800,7.099999904632568,6.789999961853027,6.900000095367432,6.940000057220459,27473391,6.940000057220459,2018-07-13
1531609200,7.519999980926514,6.880000114440918,6.940000057220459,7.400000095367432,42787961,7.400000095367432,2018-07-14
1531695600,8.180000305175781,7.239999771118164,7.400000095367432,8.100000381469727,76490740,8.100000381469727,2018-07-15
1531782000,8.979999542236328,7.840000152587891,8.100000381469727,8.779999732971191,95076480,8.779999732971191,2018-07-16
1531868400,9.350000381469727,8.449999809265137,8.779999732971191,8.600000381469727,98469960,8.600000381469727,2018-07-17
1531954800,8.75,8.149999618530273,8.600000381469727,8.420000076293945,71205514,8.420000076293945,2018-07-18
1532041200,8.550000190734863,7.710000038146973,8.420000076293945,7.849999904632568,97634360,7.849999904632568,2018-07-19
1532127600,8.25,7.590000152587891,7.849999904632568,8.0,39094893,8.0,2018-07-20
1532214000,8.289999961853027,7.699999809265137,8.0,7.849999904632568,44665914,7.849999904632568,2018-07-21
1532300400,8.430000305175781,7.789999961853027,7.849999904632568,7.929999828338623,65286043,7.929999828338623,2018-07-22
1532386800,8.6899995803833,7.710000038146973,7.929999828338623,8.59000015258789,91887949,8.59000015258789,2018-07-23
1532473200,8.960000038146973,8.359999656677246,8.59000015258789,8.529999732971191,67572226,8.529999732971191,2018-07-24
1532559600,8.869999885559082,8.199999809265137,8.529999732971191,8.3100004196167,51581216,8.3100004196167,2018-07-25
1532646000,8.529999732971191,8.020000457763672,8.3100004196167,8.430000305175781,53830349,8.430000305175781,2018-07-26
1532732400,8.449999809265137,8.130000114440918,8.430000305175781,8.369999885559082,19985772,8.369999885559082,2018-07-27
1532818800,8.460000038146973,8.140000343322754,8.369999885559082,8.34000015258789,18503121,8.34000015258789,2018-07-28
1532905200,8.350000381469727,7.420000076293945,8.34000015258789,7.739999771118164,71349159,7.739999771118164,2018-07-29
1532991600,7.739999771118164,7.099999904632568,7.739999771118164,7.329999923706055,53652729,7.329999923706055,2018-07-30
1533078000,7.409999847412109,6.820000171661377,7.329999923706055,7.230000019073486,55559957,7.230000019073486,2018-07-31
1533164400,7.329999923706055,6.900000095367432,7.230000019073486,7.019999980926514,37020891,7.019999980926514,2018-08-01
1533250800,7.25,6.840000152587891,7.019999980926514,7.179999828338623,34342751,7.179999828338623,2018-08-02
1533337200,7.300000190734863,6.880000114440918,7.179999828338623,6.980000019073486,24147281,6.980000019073486,2018-08-03
1533423600,7.110000133514404,6.889999866485596,6.980000019073486,7.03000020980835,18779402,7.03000020980835,2018-08-04
1533510000,7.159999847412109,6.940000057220459,7.03000020980835,7.059999942779541,19719770,7.059999942779541,2018-08-05
1533596400,7.230000019073486,6.5,7.059999942779541,6.570000171661377,48829965,6.570000171661377,2018-08-06
1533682800,6.570000171661377,5.320000171661377,6.570000171661377,5.590000152587891,110710996,5.590000152587891,2018-08-07
1533769200,5.940000057220459,5.409999847412109,5.590000152587891,5.760000228881836,52162934,5.760000228881836,2018-08-08
1533855600,5.809999942779541,5.159999847412109,5.760000228881836,5.239999771118164,78525927,5.239999771118164,2018-08-09
1533942000,5.329999923706055,4.820000171661377,5.239999771118164,4.960000038146973,68924438,4.960000038146973,2018-08-10
1534028400,5.170000076293945,4.889999866485596,4.960000038146973,4.960000038146973,38117190,4.960000038146973,2018-08-11
1534114800,5.170000076293945,4.46999979019165,4.960000038146973,4.579999923706055,52693161,4.579999923706055,2018-08-12
1534201200,4.599999904632568,4.179999828338623,4.579999923706055,4.570000171661377,50476645,4.570000171661377,2018-08-13
1534287600,4.920000076293945,4.559999942779541,4.570000171661377,4.630000114440918,46597994,4.630000114440918,2018-08-14
1534374000,4.809999942779541,4.420000076293945,4.630000114440918,4.510000228881836,33074605,4.510000228881836,2018-08-15
1534460400,5.590000152587891,4.489999771118164,4.510000228881836,5.579999923706055,71725388,5.579999923706055,2018-08-16
1534546800,5.650000095367432,4.809999942779541,5.579999923706055,5.079999923706055,65785337,5.079999923706055,2018-08-17
1534633200,5.380000114440918,4.940000057220459,5.079999923706055,5.289999961853027,38012475,5.289999961853027,2018-08-18
1534719600,5.349999904632568,4.659999847412109,5.289999961853027,4.699999809265137,48054932,4.699999809265137,2018-08-19
1534806000,4.96999979019165,4.659999847412109,4.699999809265137,4.900000095367432,33933438,4.900000095367432,2018-08-20
1534892400,5.360000133514404,4.5,4.900000095367432,4.710000038146973,70400397,4.710000038146973,2018-08-21
1534978800,4.949999809265137,4.670000076293945,4.710000038146973,4.900000095367432,27773012,4.900000095367432,2018-08-22
1535065200,5.119999885559082,4.769999980926514,4.900000095367432,5.050000190734863,37612351,5.050000190734863,2018-08-23
1535151600,5.070000171661377,4.909999847412109,5.050000190734863,5.039999961853027,16613047,5.039999961853027,2018-08-24
1535238000,5.059999942779541,4.820000171661377,5.039999961853027,4.949999809265137,17478057,4.949999809265137,2018-08-25
1535324400,5.429999828338623,4.909999847412109,4.949999809265137,5.380000114440918,45582267,5.380000114440918,2018-08-26
1535410800,6.039999961853027,5.300000190734863,5.380000114440918,5.909999847412109,63731634,5.909999847412109,2018-08-27
1535497200,6.5,5.789999961853027,5.909999847412109,6.130000114440918,92876086,6.130000114440918,2018-08-28
1535583600,6.269999980926514,5.75,6.130000114440918,6.070000171661377,59816307,6.070000171661377,2018-08-29
1535670000,6.489999771118164,5.940000057220459,6.070000171661377,6.400000095367432,57318586,6.400000095367432,2018-08-30
1535756400,6.829999923706055,6.400000095367432,6.400000095367432,6.659999847412109,65690042,6.659999847412109,2018-08-31
1535842800,6.699999809265137,6.320000171661377,6.659999847412109,6.639999866485596,43898493,6.639999866485596,2018-09-01
1535929200,6.730000019073486,6.369999885559082,6.639999866485596,6.46999979019165,33022443,6.46999979019165,2018-09-02
1536015600,6.659999847412109,6.320000171661377,6.46999979019165,6.480000019073486,42802120,6.480000019073486,2018-09-03
1536102000,6.599999904632568,5.130000114440918,6.480000019073486,5.159999847412109,112472814,5.159999847412109,2018-09-04
1536188400,5.239999771118164,4.840000152587891,5.159999847412109,5.230000019073486,72797488,5.230000019073486,2018-09-05
1536274800,5.329999923706055,4.909999847412109,5.230000019073486,5.059999942779541,49070740,5.059999942779541,2018-09-06
1536361200,5.150000095367432,4.610000133514404,5.059999942779541,4.739999771118164,28017187,4.739999771118164,2018-09-07
1536447600,5.170000076293945,4.659999847412109,4.739999771118164,4.940000057220459,38739892,4.940000057220459,2018-09-08
1536534000,5.119999885559082,4.880000114440918,4.940000057220459,5.03000020980835,23352370,5.03000020980835,2018-09-09
1536620400,5.090000152587891,4.730000019073486,5.03000020980835,4.989999771118164,30773479,4.989999771118164,2018-09-10
1536706800,5.0,4.769999980926514,4.989999771118164,4.940000057220459,28426417,4.940000057220459,2018-09-11
1536793200,5.550000190734863,4.929999828338623,4.940000057220459,5.389999866485596,60336501,5.389999866485596,2018-09-12
1536879600,5.539999961853027,5.130000114440918,5.389999866485596,5.230000019073486,41815442,5.230000019073486,2018-09-13
1536966000,5.53000020980835,5.210000038146973,5.230000019073486,5.340000152587891,22094880,5.340000152587891,2018-09-14
1537052400,5.489999771118164,5.199999809265137,5.340000152587891,5.409999847412109,17810391,5.409999847412109,2018-09-15
1537138800,5.480000019073486,4.650000095367432,5.409999847412109,4.840000152587891,64028118,4.840000152587891,2018-09-16
1537225200,5.269999980926514,4.760000228881836,4.840000152587891,5.059999942779541,52279212,5.059999942779541,2018-09-17
1537311600,5.369999885559082,4.909999847412109,5.059999942779541,5.25,39164598,5.25,2018-09-18
1537398000,5.949999809265137,5.179999828338623,5.25,5.769999980926514,52380313,5.769999980926514,2018-09-19
1537484400,6.21999979019165,5.639999866485596,5.769999980926514,6.190000057220459,77681128,6.190000057220459,2018-09-20
1537570800,6.309999942779541,5.78000020980835,6.190000057220459,5.940000057220459,41818916,5.940000057220459,2018-09-21
1537657200,6.159999847412109,5.820000171661377,5.940000057220459,6.03000020980835,25650945,6.03000020980835,2018-09-22
1537743600,6.039999961853027,5.590000152587891,6.03000020980835,5.670000076293945,32937405,5.670000076293945,2018-09-23
1537830000,5.670000076293945,5.0,5.670000076293945,5.420000076293945,66871829,5.420000076293945,2018-09-24
1537916400,5.78000020980835,5.239999771118164,5.420000076293945,5.550000190734863,36419359,5.550000190734863,2018-09-25
1538002800,5.96999979019165,5.349999904632568,5.550000190734863,5.820000171661377,40266862,5.820000171661377,2018-09-26
1538089200,6.050000190734863,5.650000095367432,5.820000171661377,5.760000228881836,51885357,5.760000228881836,2018-09-27
1538175600,5.829999923706055,5.449999809265137,5.760000228881836,5.75,22807230,5.75,2018-09-28
1538262000,5.949999809265137,5.329999923706055,5.75,5.71999979019165,45211664,5.71999979019165,2018-09-29
1538348400,5.849999904632568,5.510000228881836,5.71999979019165,5.739999771118164,30234990,5.739999771118164,2018-09-30
1538434800,5.78000020980835,5.53000020980835,5.739999771118164,5.619999885559082,20090446,5.619999885559082,2018-10-01
1538521200,5.690000057220459,5.409999847412109,5.619999885559082,5.619999885559082,19711079,5.619999885559082,2018-10-02
1538607600,5.900000095367432,5.599999904632568,5.619999885559082,5.800000190734863,30740107,5.800000190734863,2018-10-03
1538694000,5.929999828338623,5.659999847412109,5.800000190734863,5.829999923706055,21892983,5.829999923706055,2018-10-04
1538780400,5.860000133514404,5.670000076293945,5.829999923706055,5.730000019073486,10165767,5.730000019073486,2018-10-05
1538866800,5.800000190734863,5.630000114440918,5.730000019073486,5.760000228881836,14202001,5.760000228881836,2018-10-06
1538953200,6.039999961853027,5.730000019073486,5.760000228881836,5.940000057220459,34395844,5.940000057220459,2018-10-07
1539039600,5.980000019073486,5.840000152587891,5.940000057220459,5.920000076293945,13969202,5.920000076293945,2018-10-08
1539126000,5.960000038146973,5.800000190734863,5.920000076293945,5.920000076293945,14203330,5.920000076293945,2018-10-09
1539212400,5.920000076293945,5.0,5.920000076293945,5.090000152587891,68706114,5.090000152587891,2018-10-10
1539298800,5.320000171661377,5.010000228881836,5.090000152587891,5.199999809265137,19057204,5.199999809265137,2018-10-11
1539385200,5.340000152587891,5.170000076293945,5.199999809265137,5.300000190734863,6943436,5.300000190734863,2018-10-12
1539471600,5.329999923706055,5.170000076293945,5.300000190734863,5.199999809265137,7925901,5.199999809265137,2018-10-13
1539558000,6.079999923706055,5.150000095367432,5.199999809265137,5.590000152587891,71159391,5.590000152587891,2018-10-14
1539644400,5.670000076293945,5.46999979019165,5.590000152587891,5.570000171661377,10730424,5.570000171661377,2018-10-15
1539730800,5.619999885559082,5.5,5.570000171661377,5.559999942779541,6384244,5.559999942779541,2018-10-16
1539817200,5.670000076293945,5.380000114440918,5.559999942779541,5.460000038146973,14742829,5.460000038146973,2018-10-17
1539903600,5.480000019073486,5.329999923706055,5.460000038146973,5.400000095367432,15019585,5.400000095367432,2018-10-18
1539990000,5.510000228881836,5.380000114440918,5.400000095367432,5.449999809265137,7162590,5.449999809265137,2018-10-19
1540076400,5.650000095367432,5.409999847412109,5.449999809265137,5.510000228881836,9470172,5.510000228881836,2018-10-20
1540162800,5.559999942779541,5.429999828338623,5.510000228881836,5.460000038146973,5655898,5.460000038146973,2018-10-21
1540249200,5.53000020980835,5.409999847412109,5.460000038146973,5.489999771118164,8602939,5.489999771118164,2018-10-22
1540335600,5.519999980926514,5.420000076293945,5.489999771118164,5.429999828338623,9998726,5.429999828338623,2018-10-23
1540422000,5.46999979019165,5.369999885559082,5.429999828338623,5.429999828338623,4831926,5.429999828338623,2018-10-24
1540508400,5.510000228881836,5.380000114440918,5.429999828338623,5.449999809265137,7938337,5.449999809265137,2018-10-25
1540594800,5.460000038146973,5.400000095367432,5.449999809265137,5.420000076293945,2668567,5.420000076293945,2018-10-26
1540681200,5.46999979019165,5.409999847412109,5.420000076293945,5.440000057220459,3408087,5.440000057220459,2018-10-27
1540771200,5.449999809265137,5.050000190734863,5.440000057220459,5.150000095367432,24709148,5.150000095367432,2018-10-29
1540857600,5.179999828338623,5.110000133514404,5.150000095367432,5.139999866485596,3690154,5.139999866485596,2018-10-30
1540944000,5.309999942779541,5.079999923706055,5.139999866485596,5.25,10707786,5.25,2018-10-31
1541030400,5.309999942779541,5.230000019073486,5.25,5.289999961853027,3872041,5.289999961853027,2018-11-01
1541116800,5.420000076293945,5.289999961853027,5.289999961853027,5.400000095367432,9652607,5.400000095367432,2018-11-02
1541203200,5.409999847412109,5.28000020980835,5.400000095367432,5.320000171661377,6706621,5.320000171661377,2018-11-03
1541289600,5.610000133514404,5.300000190734863,5.320000171661377,5.539999961853027,14466708,5.539999961853027,2018-11-04
1541376000,5.559999942779541,5.420000076293945,5.539999961853027,5.510000228881836,7023898,5.510000228881836,2018-11-05
1541462400,5.789999961853027,5.489999771118164,5.510000228881836,5.78000020980835,17540605,5.78000020980835,2018-11-06
1541548800,5.829999923706055,5.619999885559082,5.78000020980835,5.670000076293945,11130779,5.670000076293945,2018-11-07
1541635200,5.699999809265137,5.5,5.670000076293945,5.53000020980835,11694317,5.53000020980835,2018-11-08
1541721600,5.579999923706055,5.369999885559082,5.53000020980835,5.409999847412109,12433200,5.409999847412109,2018-11-09
1541808000,5.46999979019165,5.400000095367432,5.409999847412109,5.429999828338623,5298131,5.429999828338623,2018-11-10
1541894400,5.519999980926514,5.289999961853027,5.429999828338623,5.489999771118164,6830459,5.489999771118164,2018-11-11
1541980800,5.519999980926514,5.389999866485596,5.489999771118164,5.460000038146973,5463106,5.460000038146973,2018-11-12
1542067200,5.46999979019165,5.139999866485596,5.460000038146973,5.289999961853027,14683869,5.289999961853027,2018-11-13
1542153600,5.329999923706055,4.460000038146973,5.289999961853027,4.75,68628598,4.75,2018-11-14
1542240000,4.809999942779541,4.28000020980835,4.75,4.760000228881836,42755384,4.760000228881836,2018-11-15
1542326400,4.800000190734863,4.510000228881836,4.760000228881836,4.590000152587891,14196294,4.590000152587891,2018-11-16
1542412800,4.639999866485596,4.53000020980835,4.590000152587891,4.630000114440918,5302556,4.630000114440918,2018-11-17
1542499200,4.71999979019165,4.579999923706055,4.630000114440918,4.650000095367432,8392641,4.650000095367432,2018-11-18
1542585600,4.650000095367432,4.039999961853027,4.650000095367432,4.130000114440918,60297897,4.130000114440918,2018-11-19
1542672000,4.25,3.4600000381469727,4.130000114440918,3.809999942779541,82209718,3.809999942779541,2018-11-20
1542758400,3.9600000381469727,3.630000114440918,3.809999942779541,3.8399999141693115,26082294,3.8399999141693115,2018-11-21
1542844800,3.9100000858306885,3.509999990463257,3.8399999141693115,3.5299999713897705,13939327,3.5299999713897705,2018-11-22
1542931200,3.7300000190734863,3.4100000858306885,3.5299999713897705,3.6600000858306885,32065266,3.6600000858306885,2018-11-23
1543017600,3.75,3.190000057220459,3.6600000858306885,3.299999952316284,32741527,3.299999952316284,2018-11-24
1543104000,3.509999990463257,3.069999933242798,3.299999952316284,3.4000000953674316,46824026,3.4000000953674316,2018-11-25
1543190400,3.4600000381469727,3.109999895095825,3.4000000953674316,3.240000009536743,23103517,3.240000009536743,2018-11-26
1543276800,3.240000009536743,2.859999895095825,3.240000009536743,3.049999952316284,25660846,3.049999952316284,2018-11-27
1543363200,3.4000000953674316,3.049999952316284,3.049999952316284,3.299999952316284,23008481,3.299999952316284,2018-11-28
1543449600,3.319999933242798,2.9100000858306885,3.299999952316284,3.0399999618530273,25195620,3.0399999618530273,2018-11-29
1543536000,3.0799999237060547,2.809999942779541,3.0399999618530273,2.890000104904175,20463110,2.890000104904175,2018-11-30
1543622400,3.069999933242798,2.819999933242798,2.890000104904175,2.9700000286102295,11985346,2.9700000286102295,2018-12-01
1543708800,3.049999952316284,2.819999933242798,2.9700000286102295,2.869999885559082,8609468,2.869999885559082,2018-12-02
1543795200,2.880000114440918,2.5299999713897705,2.869999885559082,2.5899999141693115,15202067,2.5899999141693115,2018-12-03
1543881600,2.6500000953674316,2.299999952316284,2.5899999141693115,2.4700000286102295,24959144,2.4700000286102295,2018-12-04
1543968000,2.4800000190734863,2.1700000762939453,2.4700000286102295,2.190000057220459,32048339,2.190000057220459,2018-12-05
1544054400,2.2699999809265137,1.840000033378601,2.190000057220459,1.850000023841858,36795867,1.850000023841858,2018-12-06
1544140800,1.8799999952316284,1.5499999523162842,1.850000023841858,1.7599999904632568,42987238,1.7599999904632568,2018-12-07
1544227200,1.9900000095367432,1.6399999856948853,1.7599999904632568,1.8600000143051147,32057411,1.8600000143051147,2018-12-08
1544313600,2.1700000762939453,1.7699999809265137,1.8600000143051147,2.049999952316284,26375701,2.049999952316284,2018-12-09
1544400000,2.130000114440918,1.899999976158142,2.049999952316284,1.9500000476837158,28017093,1.9500000476837158,2018-12-10
1544486400,1.9700000286102295,1.7899999618530273,1.9500000476837158,1.8600000143051147,16741016,1.8600000143051147,2018-12-11
1544572800,2.0899999141693115,1.8300000429153442,1.8600000143051147,2.009999990463257,21097203,2.009999990463257,2018-12-12
1544659200,2.0299999713897705,1.840000033378601,2.009999990463257,1.8700000047683716,18438095,1.8700000047683716,2018-12-13
1544745600,1.9199999570846558,1.7699999809265137,1.8700000047683716,1.850000023841858,13291604,1.850000023841858,2018-12-14
1544832000,1.9700000286102295,1.809999942779541,1.850000023841858,1.9299999475479126,11004447,1.9299999475479126,2018-12-15
1544918400,2.0299999713897705,1.9199999570846558,1.9299999475479126,1.9500000476837158,13267052,1.9500000476837158,2018-12-16
1545004800,2.569999933242798,1.940000057220459,1.9500000476837158,2.450000047683716,43738929,2.450000047683716,2018-12-17
1545091200,2.7699999809265137,2.4000000953674316,2.450000047683716,2.700000047683716,47567302,2.700000047683716,2018-12-18
1545177600,2.880000114440918,2.5,2.700000047683716,2.5199999809265137,50118256,2.5199999809265137,2018-12-19
1545264000,2.880000114440918,2.490000009536743,2.5199999809265137,2.799999952316284,46831797,2.799999952316284,2018-12-20
1545350400,2.9000000953674316,2.559999942779541,2.799999952316284,2.6700000762939453,33019183,2.6700000762939453,2018-12-21
1545436800,2.7100000381469727,2.5299999713897705,2.6700000762939453,2.690000057220459,17270225,2.690000057220459,2018-12-22
1545523200,3.0899999141693115,2.6700000762939453,2.690000057220459,2.869999885559082,36144060,2.869999885559082,2018-12-23
1545609600,3.200000047683716,2.809999942779541,2.869999885559082,2.8299999237060547,46459246,2.8299999237060547,2018-12-24
1545696000,2.8299999237060547,2.4700000286102295,2.8299999237060547,2.5799999237060547,28729205,2.5799999237060547,2018-12-25
1545782400,2.759999990463257,2.5299999713897705,2.5799999237060547,2.6500000953674316,20058223,2.6500000953674316,2018-12-26
1545868800,2.6700000762939453,2.319999933242798,2.6500000953674316,2.359999895095825,22400896,2.359999895095825,2018-12-27
1545955200,2.799999952316284,2.309999942779541,2.359999895095825,2.740000009536743,28234147,2.740000009536743,2018-12-28
1546041600,2.880000114440918,2.6500000953674316,2.740000009536743,2.690000057220459,19291961,2.690000057220459,2018-12-29
1546128000,2.7699999809265137,2.5799999237060547,2.690000057220459,2.75,12624932,2.75,2018-12-30
1546214400,2.759999990463257,2.5399999618530273,2.75,2.619999885559082,14690342,2.619999885559082,2018-12-31
1546300800,2.759999990463257,2.5799999237060547,2.619999885559082,2.7300000190734863,12780031,2.7300000190734863,2019-01-01
1546387200,3.009999990463257,2.7100000381469727,2.7300000190734863,2.9600000381469727,19022442,2.9600000381469727,2019-01-02
1546473600,2.9600000381469727,2.6600000858306885,2.9600000381469727,2.75,15324761,2.75,2019-01-03
1546560000,2.8499999046325684,2.6500000953674316,2.75,2.7899999618530273,16404455,2.7899999618530273,2019-01-04
1546646400,2.869999885559082,2.7300000190734863,2.7899999618530273,2.75,9488004,2.75,2019-01-05
1546732800,3.009999990463257,2.6700000762939453,2.75,2.940000057220459,23802755,2.940000057220459,2019-01-06
1546819200,2.9600000381469727,2.75,2.940000057220459,2.8299999237060547,14325524,2.8299999237060547,2019-01-07
1546905600,2.940000057220459,2.7799999713897705,2.8299999237060547,2.8399999141693115,13769052,2.8399999141693115,2019-01-08
1546992000,3.0299999713897705,2.819999933242798,2.8399999141693115,2.950000047683716,19837439,2.950000047683716,2019-01-09
1547078400,3.049999952316284,2.3399999141693115,2.950000047683716,2.450000047683716,37175271,2.450000047683716,2019-01-10
1547164800,2.5,2.369999885559082,2.450000047683716,2.440000057220459,8356131,2.440000057220459,2019-01-11
1547251200,2.490000009536743,2.4200000762939453,2.440000057220459,2.450000047683716,5796348,2.450000047683716,2019-01-12
1547337600,2.4700000286102295,2.240000009536743,2.450000047683716,2.2799999713897705,9334099,2.2799999713897705,2019-01-13
1547424000,2.5399999618530273,2.2799999713897705,2.2799999713897705,2.509999990463257,11315469,2.509999990463257,2019-01-14
1547510400,2.5199999809265137,2.369999885559082,2.509999990463257,2.4200000762939453,8586399,2.4200000762939453,2019-01-15
1547596800,2.5,2.390000104904175,2.4200000762939453,2.4600000381469727,8766936,2.4600000381469727,2019-01-16
1547683200,2.5799999237060547,2.390000104904175,2.4600000381469727,2.549999952316284,11254909,2.549999952316284,2019-01-17
1547769600,2.549999952316284,2.440000057220459,2.549999952316284,2.4800000190734863,6064752,2.4800000190734863,2019-01-18
1547856000,2.5899999141693115,2.4800000190734863,2.4800000190734863,2.5,8169787,2.5,2019-01-19
1547942400,2.5199999809265137,2.309999942779541,2.5,2.359999895095825,11737514,2.359999895095825,2019-01-20
1548028800,2.430000066757202,2.319999933242798,2.359999895095825,2.3499999046325684,8049061,2.3499999046325684,2019-01-21
1548115200,2.5399999618530273,2.2899999618530273,2.3499999046325684,2.4800000190734863,12324349,2.4800000190734863,2019-01-22
1548201600,2.509999990463257,2.430000066757202,2.4800000190734863,2.4600000381469727,5574094,2.4600000381469727,2019-01-23
1548288000,2.5,2.430000066757202,2.4600000381469727,2.490000009536743,8156586,2.490000009536743,2019-01-24
1548374400,2.5199999809265137,2.440000057220459,2.490000009536743,2.4800000190734863,6810009,2.4800000190734863,2019-01-25
1548460800,2.5399999618530273,2.4000000953674316,2.4800000190734863,2.440000057220459,5821257,2.440000057220459,2019-01-26
1548547200,2.4700000286102295,2.3399999141693115,2.440000057220459,2.380000114440918,9193449,2.380000114440918,2019-01-27
1548633600,2.390000104904175,2.180000066757202,2.380000114440918,2.259999990463257,10952064,2.259999990463257,2019-01-28
1548720000,2.3399999141693115,2.2200000286102295,2.259999990463257,2.299999952316284,6498653,2.299999952316284,2019-01-29
1548806400,2.390000104904175,2.2699999809265137,2.299999952316284,2.380000114440918,6496003,2.380000114440918,2019-01-30
1548892800,2.4200000762939453,2.319999933242798,2.380000114440918,2.359999895095825,5979208,2.359999895095825,2019-01-31
1548979200,2.4200000762939453,2.309999942779541,2.359999895095825,2.380000114440918,7896183,2.380000114440918,2019-02-01
1549065600,2.490000009536743,2.3499999046325684,2.380000114440918,2.4800000190734863,6383794,2.4800000190734863,2019-02-02
1549152000,2.490000009536743,2.369999885559082,2.4800000190734863,2.4000000953674316,5611777,2.4000000953674316,2019-02-03
1549238400,2.4600000381469727,2.390000104904175,2.4000000953674316,2.4200000762939453,4153050,2.4200000762939453,2019-02-04
1549324800,2.430000066757202,2.369999885559082,2.4200000762939453,2.4200000762939453,2716254,2.4200000762939453,2019-02-05
1549411200,2.430000066757202,2.309999942779541,2.4200000762939453,2.380000114440918,5065638,2.380000114440918,2019-02-06
1549497600,2.4000000953674316,2.3499999046325684,2.380000114440918,2.369999885559082,3232070,2.369999885559082,2019-02-07
1549584000,2.8499999046325684,2.359999895095825,2.369999885559082,2.7699999809265137,20453047,2.7699999809265137,2019-02-08
1549670400,2.869999885559082,2.7100000381469727,2.7699999809265137,2.809999942779541,5741088,2.809999942779541,2019-02-09
1549756800,2.9000000953674316,2.690000057220459,2.809999942779541,2.890000104904175,8907133,2.890000104904175,2019-02-10
1549843200,2.9100000858306885,2.759999990463257,2.890000104904175,2.7799999713897705,6434944,2.7799999713897705,2019-02-11
1549929600,3.059999942779541,2.740000009536743,2.7799999713897705,3.0,18988874,3.0,2019-02-12
1550016000,3.049999952316284,2.8499999046325684,3.0,2.9000000953674316,12867570,2.9000000953674316,2019-02-13
1550102400,2.930000066757202,2.759999990463257,2.9000000953674316,2.7899999618530273,8244670,2.7899999618530273,2019-02-14
1550188800,2.930000066757202,2.7799999713897705,2.7899999618530273,2.8399999141693115,7140888,2.8399999141693115,2019-02-15
1550275200,2.940000057220459,2.819999933242798,2.8399999141693115,2.8299999237060547,5003687,2.8299999237060547,2019-02-16
1550361600,2.9800000190734863,2.819999933242798,2.8299999237060547,2.9200000762939453,10487078,2.9200000762939453,2019-02-17
1550448000,3.5899999141693115,2.9100000858306885,2.9200000762939453,3.5399999618530273,49545106,3.5399999618530273,2019-02-18
1550534400,3.880000114440918,3.5299999713897705,3.5399999618530273,3.5999999046325684,51168329,3.5999999046325684,2019-02-19
1550620800,4.019999980926514,3.5399999618530273,3.5999999046325684,3.9800000190734863,36982622,3.9800000190734863,2019-02-20
1550707200,4.010000228881836,3.740000009536743,3.9800000190734863,3.869999885559082,21354647,3.869999885559082,2019-02-21
1550793600,4.0,3.7899999618530273,3.869999885559082,3.940000057220459,21593904,3.940000057220459,2019-02-22
1550880000,4.420000076293945,3.859999895095825,3.940000057220459,4.329999923706055,31123883,4.329999923706055,2019-02-23
1550966400,4.53000020980835,3.5,4.329999923706055,3.609999895095825,60230301,3.609999895095825,2019-02-24
1551052800,3.7899999618530273,3.3499999046325684,3.609999895095825,3.630000114440918,31778087,3.630000114440918,2019-02-25
1551139200,3.640000104904175,3.369999885559082,3.630000114440918,3.509999990463257,20730412,3.509999990463257,2019-02-26
1551225600,3.640000104904175,3.4000000953674316,3.509999990463257,3.5799999237060547,18633725,3.5799999237060547,2019-02-27
1551312000,3.7100000381469727,3.5299999713897705,3.5799999237060547,3.569999933242798,16553719,3.569999933242798,2019-02-28
1551398400,3.7699999809265137,3.4800000190734863,3.569999933242798,3.5399999618530273,15415938,3.5399999618530273,2019-03-01
1551484800,3.5999999046325684,3.490000009536743,3.5399999618530273,3.559999942779541,9421765,3.559999942779541,2019-03-02
1551571200,3.6700000762939453,3.5399999618530273,3.559999942779541,3.5899999141693115,6519930,3.5899999141693115,2019-03-03
1551657600,3.609999895095825,3.1500000953674316,3.5899999141693115,3.299999952316284,20679155,3.299999952316284,2019-03-04
1551744000,3.869999885559082,3.2699999809265137,3.299999952316284,3.8399999141693115,30194013,3.8399999141693115,2019-03-05
1551830400,3.9600000381469727,3.6500000953674316,3.8399999141693115,3.819999933242798,22017297,3.819999933242798,2019-03-06
1551916800,3.990000009536743,3.7699999809265137,3.819999933242798,3.8399999141693115,17675587,3.8399999141693115,2019-03-07
1552003200,3.869999885559082,3.549999952316284,3.8399999141693115,3.6600000858306885,20033844,3.6600000858306885,2019-03-08
1552089600,3.9000000953674316,3.6500000953674316,3.6600000858306885,3.8299999237060547,13513418,3.8299999237060547,2019-03-09
1552176000,3.8299999237060547,3.7100000381469727,3.8299999237060547,3.7699999809265137,7262039,3.7699999809265137,2019-03-10
1552262400,3.809999942779541,3.559999942779541,3.7699999809265137,3.630000114440918,15206335,3.630000114440918,2019-03-11
1552348800,3.759999990463257,3.490000009536743,3.630000114440918,3.700000047683716,16850776,3.700000047683716,2019-03-12
1552435200,3.7300000190734863,3.549999952316284,3.700000047683716,3.640000104904175,13324449,3.640000104904175,2019-03-13
1552521600,3.7200000286102295,3.5399999618530273,3.640000104904175,3.630000114440918,13699539,3.630000114440918,2019-03-14
1552608000,3.7899999618530273,3.630000114440918,3.630000114440918,3.759999990463257,14603844,3.759999990463257,2019-03-15
1552694400,3.930000066757202,3.759999990463257,3.759999990463257,3.869999885559082,13568400,3.869999885559082,2019-03-16
1552780800,3.880000114440918,3.799999952316284,3.869999885559082,3.819999933242798,5966175,3.819999933242798,2019-03-17
1552867200,3.869999885559082,3.75,3.819999933242798,3.7899999618530273,10117289,3.7899999618530273,2019-03-18
1552953600,3.8299999237060547,3.7200000286102295,3.7899999618530273,3.809999942779541,10185512,3.809999942779541,2019-03-19
1553040000,3.819999933242798,3.5999999046325684,3.809999942779541,3.7899999618530273,16547970,3.7899999618530273,2019-03-20
1553126400,3.799999952316284,3.5899999141693115,3.7899999618530273,3.680000066757202,11592765,3.680000066757202,2019-03-21
1553212800,3.7100000381469727,3.630000114440918,3.680000066757202,3.6700000762939453,5979829,3.6700000762939453,2019-03-22
1553299200,3.7799999713897705,3.6500000953674316,3.6700000762939453,3.7100000381469727,4970153,3.7100000381469727,2019-03-23
1553385600,3.7100000381469727,3.630000114440918,3.7100000381469727,3.680000066757202,2898059,3.680000066757202,2019-03-24
1553472000,3.7300000190734863,3.619999885559082,3.680000066757202,3.680000066757202,6521820,3.680000066757202,2019-03-25
1553558400,3.799999952316284,3.630000114440918,3.680000066757202,3.7799999713897705,8002572,3.7799999713897705,2019-03-26
1553644800,4.400000095367432,3.759999990463257,3.7799999713897705,4.320000171661377,46538744,4.320000171661377,2019-03-27
1553731200,4.380000114440918,4.239999771118164,4.320000171661377,4.300000190734863,19733901,4.300000190734863,2019-03-28
1553817600,4.46999979019165,4.260000228881836,4.300000190734863,4.380000114440918,19725530,4.380000114440918,2019-03-29
1553904000,4.440000057220459,4.050000190734863,4.380000114440918,4.21999979019165,18590360,4.21999979019165,2019-03-30
1553990400,4.320000171661377,4.150000095367432,4.21999979019165,4.25,7935248,4.25,2019-03-31
1554073200,4.320000171661377,4.199999809265137,4.25,4.25,8813623,4.25,2019-03-31
1554159600,5.159999847412109,4.210000038146973,4.25,5.079999923706055,51603515,5.079999923706055,2019-04-01
1554246000,5.989999771118164,4.820000171661377,5.079999923706055,5.239999771118164,102511291,5.239999771118164,2019-04-02
1554332400,5.369999885559082,4.900000095367432,5.239999771118164,5.099999904632568,25490017,5.099999904632568,2019-04-03
1554418800,5.429999828338623,5.099999904632568,5.099999904632568,5.380000114440918,21715692,5.380000114440918,2019-04-04
1554505200,5.760000228881836,5.099999904632568,5.380000114440918,5.380000114440918,33709436,5.380000114440918,2019-04-05
1554591600,5.559999942779541,5.289999961853027,5.380000114440918,5.480000019073486,26421914,5.480000019073486,2019-04-06
1554678000,5.679999828338623,5.289999961853027,5.480000019073486,5.570000171661377,35917488,5.570000171661377,2019-04-07
1554764400,5.71999979019165,5.380000114440918,5.570000171661377,5.590000152587891,26137003,5.590000152587891,2019-04-08
1554850800,6.070000171661377,5.53000020980835,5.590000152587891,5.849999904632568,52653496,5.849999904632568,2019-04-09
1554937200,5.849999904632568,5.099999904632568,5.849999904632568,5.329999923706055,38385445,5.329999923706055,2019-04-10
1555023600,5.5,5.099999904632568,5.329999923706055,5.389999866485596,18666802,5.389999866485596,2019-04-11
1555110000,5.460000038146973,5.230000019073486,5.389999866485596,5.340000152587891,11731587,5.340000152587891,2019-04-12
1555196400,5.619999885559082,5.269999980926514,5.340000152587891,5.599999904632568,11584369,5.599999904632568,2019-04-13
1555282800,5.659999847412109,5.21999979019165,5.599999904632568,5.340000152587891,18373253,5.340000152587891,2019-04-14
1555369200,5.570000171661377,5.320000171661377,5.340000152587891,5.550000190734863,10094411,5.550000190734863,2019-04-15
1555455600,5.610000133514404,5.409999847412109,5.550000190734863,5.46999979019165,9564749,5.46999979019165,2019-04-16
1555542000,5.599999904632568,5.460000038146973,5.46999979019165,5.53000020980835,13034419,5.53000020980835,2019-04-17
1555628400,5.53000020980835,5.400000095367432,5.53000020980835,5.510000228881836,7133871,5.510000228881836,2019-04-18
1555714800,5.559999942779541,5.420000076293945,5.510000228881836,5.46999979019165,9733411,5.46999979019165,2019-04-19
1555801200,5.489999771118164,5.019999980926514,5.46999979019165,5.260000228881836,17231101,5.260000228881836,2019-04-20
1555887600,5.360000133514404,5.139999866485596,5.260000228881836,5.28000020980835,14379108,5.28000020980835,2019-04-21
1555974000,5.449999809265137,5.119999885559082,5.28000020980835,5.159999847412109,19797398,5.159999847412109,2019-04-22
1556060400,5.190000057220459,4.630000114440918,5.159999847412109,4.829999923706055,35486279,4.829999923706055,2019-04-23
1556146800,4.889999866485596,4.53000020980835,4.829999923706055,4.590000152587891,17553038,4.590000152587891,2019-04-24
1556233200,4.949999809265137,4.519999980926514,4.590000152587891,4.849999904632568,18260004,4.849999904632568,2019-04-25
1556319600,4.889999866485596,4.769999980926514,4.849999904632568,4.809999942779541,4540714,4.809999942779541,2019-04-26
1556406000,4.949999809265137,4.699999809265137,4.829999923706055,4.880000114440918,5662164,4.880000114440918,2019-04-27
1556492400,4.929999828338623,4.590000152587891,4.880000114440918,4.730000019073486,14061266,4.730000019073486,2019-04-28
1556578800,5.059999942779541,4.71999979019165,4.730000019073486,5.039999961853027,10165082,5.039999961853027,2019-04-29
1556665200,5.079999923706055,4.860000133514404,5.039999961853027,4.960000038146973,7058895,4.960000038146973,2019-04-30
1556751600,5.019999980926514,4.840000152587891,4.960000038146973,4.96999979019165,5967791,4.96999979019165,2019-05-01
1556838000,5.409999847412109,4.940000057220459,4.96999979019165,5.269999980926514,17128664,5.269999980926514,2019-05-02
1556924400,5.380000114440918,4.960000038146973,5.269999980926514,5.150000095367432,12650638,5.150000095367432,2019-05-03
1557010800,5.210000038146973,5.010000228881836,5.150000095367432,5.090000152587891,4532714,5.090000152587891,2019-05-04
1557097200,5.199999809265137,4.849999904632568,5.090000152587891,5.110000133514404,8951859,5.110000133514404,2019-05-05
1557183600,5.300000190734863,4.989999771118164,5.110000133514404,5.010000228881836,9927592,5.010000228881836,2019-05-06
1557270000,5.090000152587891,4.909999847412109,5.010000228881836,5.050000190734863,7335890,5.050000190734863,2019-05-07
1557356400,5.150000095367432,4.869999885559082,5.050000190734863,4.900000095367432,6077706,4.900000095367432,2019-05-08
1557442800,5.0,4.599999904632568,4.900000095367432,4.840000152587891,13108274,4.840000152587891,2019-05-09
1557529200,5.75,4.840000152587891,4.840000152587891,5.460000038146973,37559679,5.460000038146973,2019-05-10
1557615600,5.730000019073486,5.230000019073486,5.460000038146973,5.340000152587891,21973304,5.340000152587891,2019-05-11
1557702000,5.739999771118164,5.309999942779541,5.340000152587891,5.510000228881836,26062547,5.510000228881836,2019-05-12
1557788400,6.199999809265137,5.489999771118164,5.510000228881836,6.019999980926514,39618872,6.019999980926514,2019-05-13
1557874800,6.510000228881836,5.949999809265137,6.019999980926514,6.449999809265137,31580466,6.449999809265137,2019-05-14
1557961200,6.929999828338623,6.28000020980835,6.449999809265137,6.489999771118164,40535964,6.489999771118164,2019-05-15
1558047600,6.559999942779541,5.78000020980835,6.489999771118164,6.079999923706055,34996920,6.079999923706055,2019-05-16
1558134000,6.110000133514404,5.820000171661377,6.079999923706055,5.889999866485596,7210815,5.889999866485596,2019-05-17
1558220400,6.590000152587891,5.880000114440918,5.889999866485596,6.46999979019165,18420078,6.46999979019165,2019-05-18
1558306800,6.489999771118164,6.019999980926514,6.46999979019165,6.260000228881836,13861697,6.260000228881836,2019-05-19
1558393200,6.389999866485596,6.119999885559082,6.260000228881836,6.28000020980835,10842783,6.28000020980835,2019-05-20
1558479600,6.360000133514404,5.760000228881836,6.28000020980835,5.929999828338623,21937703,5.929999828338623,2019-05-21
1558566000,6.099999904632568,5.730000019073486,5.929999828338623,6.03000020980835,13904812,6.03000020980835,2019-05-22
1558652400,6.610000133514404,6.0,6.03000020980835,6.420000076293945,23612451,6.420000076293945,2019-05-23
1558738800,6.550000190734863,6.28000020980835,6.420000076293945,6.380000114440918,15516889,6.380000114440918,2019-05-24
1558825200,7.050000190734863,6.210000038146973,6.380000114440918,6.960000038146973,29170274,6.960000038146973,2019-05-25
1558911600,8.260000228881836,6.900000095367432,6.960000038146973,8.039999961853027,77811390,8.039999961853027,2019-05-26
1558998000,8.229999542236328,7.659999847412109,8.039999961853027,8.100000381469727,51119573,8.100000381469727,2019-05-27
1559084400,8.270000457763672,7.550000190734863,8.100000381469727,8.010000228881836,45794907,8.010000228881836,2019-05-28
1559170800,8.479999542236328,6.860000133514404,8.010000228881836,7.300000190734863,84106572,7.300000190734863,2019-05-29
1559257200,8.6899995803833,7.199999809265137,7.300000190734863,8.550000190734863,72222174,8.550000190734863,2019-05-30
1559343600,8.619999885559082,7.480000019073486,8.550000190734863,7.710000038146973,96434604,7.710000038146973,2019-05-31
1559430000,7.989999771118164,7.460000038146973,7.710000038146973,7.730000019073486,49220429,7.730000019073486,2019-06-01
1559516400,7.730000019073486,6.550000190734863,7.730000019073486,6.679999828338623,66236623,6.679999828338623,2019-06-02
1559602800,6.880000114440918,6.039999961853027,6.679999828338623,6.300000190734863,53824856,6.300000190734863,2019-06-03
1559689200,6.539999961853027,6.170000076293945,6.300000190734863,6.429999828338623,24673346,6.429999828338623,2019-06-04
1559775600,6.46999979019165,5.920000076293945,6.429999828338623,6.369999885559082,21154257,6.369999885559082,2019-06-05
1559862000,6.800000190734863,6.309999942779541,6.369999885559082,6.639999866485596,24560155,6.639999866485596,2019-06-06
1559948400,6.690000057220459,6.21999979019165,6.639999866485596,6.369999885559082,12509985,6.369999885559082,2019-06-07
1560034800,6.5,6.0,6.369999885559082,6.150000095367432,15523300,6.150000095367432,2019-06-08
1560121200,6.510000228881836,6.050000190734863,6.150000095367432,6.4679999351501465,15095349,6.4679999351501465,2019-06-09
1560207600,6.508999824523926,6.14300012588501,6.4679999351501465,6.335000038146973,16208200,6.335000038146973,2019-06-10
1560294000,6.492000102996826,6.238999843597412,6.335000038146973,6.461999893188477,16406799,6.461999893188477,2019-06-11
1560380400,6.645999908447266,6.383999824523926,6.461999893188477,6.4720001220703125,18404139,6.4720001220703125,2019-06-12
1560466800,6.573999881744385,6.364999771118164,6.4720001220703125,6.568999767303467,16348108,6.568999767303467,2019-06-13
1560553200,6.9679999351501465,6.546999931335449,6.568999767303467,6.913000106811523,22739550,6.913000106811523,2019-06-14
