date,high,low,open,close,volume,adjclose,formatted_date
1497308400,0.5889999866485596,0.5379999876022339,0.5529999732971191,0.5870000123977661,89085,0.5870000123977661,2017-06-12
1497394800,0.6100999712944031,0.4794999957084656,0.5870000123977661,0.5202000141143799,4352877,0.5202000141143799,2017-06-13
1497481200,0.544700026512146,0.29120001196861267,0.5202000141143799,0.3467000126838684,2693369,0.3467000126838684,2017-06-14
1497567600,0.5989999771118164,0.3052999973297119,0.3467000126838684,0.4081999957561493,1857604,0.4081999957561493,2017-06-15
1497654000,0.451200008392334,0.4000000059604645,0.4081999957561493,0.42800000309944153,622794,0.42800000309944153,2017-06-16
1497740400,0.45019999146461487,0.38499999046325684,0.42800000309944153,0.40560001134872437,722974,0.40560001134872437,2017-06-17
1497826800,0.4350000023841858,0.39500001072883606,0.40560001134872437,0.4253999888896942,788130,0.4253999888896942,2017-06-18
1497913200,0.4472000002861023,0.41100001335144043,0.4253999888896942,0.4404999911785126,1391167,0.4404999911785126,2017-06-19
1497999600,0.46239998936653137,0.41499999165534973,0.4404999911785126,0.42500001192092896,1528500,0.42500001192092896,2017-06-20
1498086000,0.4499000012874603,0.4113999903202057,0.42500001192092896,0.4372999966144562,469896,0.4372999966144562,2017-06-21
1498172400,0.4828000068664551,0.43299999833106995,0.4372999966144562,0.4828000068664551,928850,0.4828000068664551,2017-06-22
1498258800,0.6288999915122986,0.4767000079154968,0.4828000068664551,0.505299985408783,4742047,0.505299985408783,2017-06-23
1498345200,0.521399974822998,0.4401000142097473,0.505299985408783,0.4652999937534332,1707780,0.4652999937534332,2017-06-24
1498431600,0.4659000039100647,0.3400999903678894,0.4652999937534332,0.40799999237060547,2770249,0.40799999237060547,2017-06-25
1498518000,0.41999998688697815,0.3483000099658966,0.40799999237060547,0.39399999380111694,1203467,0.39399999380111694,2017-06-26
1498604400,0.4000000059604645,0.35109999775886536,0.39399999380111694,0.37299999594688416,1255278,0.37299999594688416,2017-06-27
1498690800,0.45989999175071716,0.3619000017642975,0.37299999594688416,0.41100001335144043,1584518,0.41100001335144043,2017-06-28
1498777200,0.4490000009536743,0.3930000066757202,0.41100001335144043,0.39800000190734863,1065339,0.39800000190734863,2017-06-29
1498863600,0.41290000081062317,0.3700999915599823,0.39800000190734863,0.38109999895095825,654289,0.38109999895095825,2017-06-30
1498950000,0.38999998569488525,0.36000001430511475,0.38109999895095825,0.37689998745918274,844444,0.37689998745918274,2017-07-01
1499036400,0.38499999046325684,0.3499999940395355,0.37689998745918274,0.37599998712539673,1359977,0.37599998712539673,2017-07-02
1499122800,0.4097999930381775,0.3702000081539154,0.37599998712539673,0.3937999904155731,1126011,0.3937999904155731,2017-07-03
1499209200,0.3986999988555908,0.36809998750686646,0.3937999904155731,0.38100001215934753,883114,0.38100001215934753,2017-07-04
1499295600,0.38510000705718994,0.30329999327659607,0.38100001215934753,0.3528999984264374,3901437,0.3528999984264374,2017-07-05
1499382000,0.3564999997615814,0.27000001072883606,0.3528999984264374,0.28220000863075256,3613254,0.28220000863075256,2017-07-06
1499468400,0.32019999623298645,0.2750999927520752,0.28220000863075256,0.3003000020980835,1526339,0.3003000020980835,2017-07-07
1499554800,0.3125,0.28290000557899475,0.3003000020980835,0.30000001192092896,891132,0.30000001192092896,2017-07-08
1499641200,0.30410000681877136,0.18369999527931213,0.30000001192092896,0.20999999344348907,5296590,0.20999999344348907,2017-07-09
1499727600,0.23420000076293945,0.18369999527931213,0.20999999344348907,0.18690000474452972,3061285,0.18690000474452972,2017-07-10
1499814000,0.2395000010728836,0.18060000240802765,0.18690000474452972,0.2287999987602234,2354393,0.2287999987602234,2017-07-11
1499900400,0.23899999260902405,0.1875,0.2287999987602234,0.21289999783039093,1739467,0.21289999783039093,2017-07-12
1499986800,0.21310000121593475,0.16019999980926514,0.21289999783039093,0.17509999871253967,1387934,0.17509999871253967,2017-07-13
1500073200,0.17630000412464142,0.14270000159740448,0.17509999871253967,0.1581999957561493,2300878,0.1581999957561493,2017-07-14
1500159600,0.18799999356269836,0.1550000011920929,0.1581999957561493,0.17800000309944153,1876063,0.17800000309944153,2017-07-15
1500246000,0.2800000011920929,0.17669999599456787,0.17800000309944153,0.2639999985694885,7509664,0.2639999985694885,2017-07-16
1500332400,0.3122999966144562,0.2460000067949295,0.2639999985694885,0.2680000066757202,6657222,0.2680000066757202,2017-07-17
1500418800,0.2849000096321106,0.23000000417232513,0.2680000066757202,0.2313999980688095,3743900,0.2313999980688095,2017-07-18
1500505200,0.3043000102043152,0.23019999265670776,0.2313999980688095,0.2937000095844269,5318148,0.2937000095844269,2017-07-19
1500591600,0.3077999949455261,0.2451999932527542,0.2937000095844269,0.25949999690055847,3641056,0.25949999690055847,2017-07-20
1500678000,0.2784999907016754,0.25360000133514404,0.25949999690055847,0.27160000801086426,1940216,0.27160000801086426,2017-07-21
1500764400,0.2800000011920929,0.2551000118255615,0.27160000801086426,0.26489999890327454,1593743,0.26489999890327454,2017-07-22
1500850800,0.27300000190734863,0.2361000031232834,0.26489999890327454,0.26739999651908875,2223748,0.26739999651908875,2017-07-23
1500937200,0.2687999904155731,0.23649999499320984,0.26739999651908875,0.25,1449237,0.25,2017-07-24
1501023600,0.28450000286102295,0.24089999496936798,0.25,0.274399995803833,2070284,0.274399995803833,2017-07-25
1501110000,0.2849999964237213,0.2711000144481659,0.274399995803833,0.27300000190734863,1653067,0.27300000190734863,2017-07-26
1501196400,0.27649998664855957,0.2619999945163727,0.27300000190734863,0.26510000228881836,801625,0.26510000228881836,2017-07-27
1501282800,0.27799999713897705,0.24300000071525574,0.26510000228881836,0.2766999900341034,1129721,0.2766999900341034,2017-07-28
1501369200,0.27799999713897705,0.2502000033855438,0.2766999900341034,0.2547000050544739,1506166,0.2547000050544739,2017-07-29
1501455600,0.25999999046325684,0.24400000274181366,0.2547000050544739,0.2540000081062317,774020,0.2540000081062317,2017-07-30
1501542000,0.2939999997615814,0.2493000030517578,0.2540000081062317,0.29100000858306885,2349162,0.29100000858306885,2017-07-31
1501628400,0.2939000129699707,0.27149999141693115,0.29100000858306885,0.28600001335144043,1649745,0.28600001335144043,2017-08-01
1501714800,0.3391999900341034,0.2849999964237213,0.28600001335144043,0.3319000005722046,4842192,0.3319000005722046,2017-08-02
1501801200,0.42170000076293945,0.33149999380111694,0.3319000005722046,0.3937000036239624,10871829,0.3937000036239624,2017-08-03
1501887600,0.43160000443458557,0.36010000109672546,0.3937000036239624,0.40799999237060547,5389189,0.40799999237060547,2017-08-04
1501974000,0.4399999976158142,0.39500001072883606,0.40799999237060547,0.42989999055862427,2911311,0.42989999055862427,2017-08-05
1502060400,0.49000000953674316,0.41100001335144043,0.42989999055862427,0.4740000069141388,7356892,0.4740000069141388,2017-08-06
1502146800,0.5516999959945679,0.4555000066757202,0.4740000069141388,0.5480999946594238,12202146,0.5480999946594238,2017-08-07
1502233200,0.5569999814033508,0.5091000199317932,0.5480999946594238,0.5299999713897705,7137062,0.5299999713897705,2017-08-08
1502319600,0.5892000198364258,0.5069000124931335,0.5299999713897705,0.5623999834060669,9266383,0.5623999834060669,2017-08-09
1502406000,0.7177000045776367,0.5561000108718872,0.5623999834060669,0.654699981212616,21553380,0.654699981212616,2017-08-10
1502492400,0.7300000190734863,0.6128000020980835,0.654699981212616,0.7200000286102295,9837488,0.7200000286102295,2017-08-11
1502578800,0.8299999833106995,0.6899999976158142,0.7200000286102295,0.8043000102043152,21581927,0.8043000102043152,2017-08-12
1502665200,0.9797000288963318,0.7914000153541565,0.8043000102043152,0.972000002861023,26449307,0.972000002861023,2017-08-13
1502751600,0.9950000047683716,0.75,0.972000002861023,0.9169999957084656,52452063,0.9169999957084656,2017-08-14
1502838000,1.0499999523162842,0.8633000254631042,0.9169999957084656,1.0399999618530273,27930190,1.0399999618530273,2017-08-15
1502924400,1.100000023841858,0.9900000095367432,1.0399999618530273,1.0099999904632568,33921131,1.0099999904632568,2017-08-16
1503010800,1.0399999618530273,0.7610999941825867,1.0099999904632568,0.8669999837875366,39474941,0.8669999837875366,2017-08-17
1503097200,0.9858999848365784,0.7699999809265137,0.8669999837875366,0.9790999889373779,22746400,0.9790999889373779,2017-08-18
1503183600,1.0299999713897705,0.9100000262260437,0.9790999889373779,0.910099983215332,18151967,0.910099983215332,2017-08-19
1503270000,0.9408000111579895,0.8399999737739563,0.910099983215332,0.9000999927520752,17235787,0.9000999927520752,2017-08-20
1503356400,0.9046000242233276,0.7778000235557556,0.9000999927520752,0.8379999995231628,15961001,0.8379999995231628,2017-08-21
1503442800,0.9408000111579895,0.830299973487854,0.8379999995231628,0.8510000109672546,15372233,0.8510000109672546,2017-08-22
1503529200,0.8949000239372253,0.7958999872207642,0.8510000109672546,0.8899999856948853,8478289,0.8899999856948853,2017-08-23
1503615600,0.9348999857902527,0.8349999785423279,0.890999972820282,0.9164000153541565,11436765,0.9164000153541565,2017-08-24
1503702000,0.9749000072479248,0.875,0.9164000153541565,0.9599999785423279,9399472,0.9599999785423279,2017-08-25
1503788400,0.9800999760627747,0.8799999952316284,0.9599999785423279,0.9193000197410583,8671763,0.9193000197410583,2017-08-26
1503874800,0.9290000200271606,0.7799999713897705,0.9193999767303467,0.8744000196456909,11772010,0.8744000196456909,2017-08-27
1503961200,0.875,0.705299973487854,0.8744000196456909,0.8125,15007894,0.8125,2017-08-28
1504047600,0.8765000104904175,0.7838000059127808,0.8125,0.8675000071525574,9937742,0.8675000071525574,2017-08-29
1504134000,0.8999999761581421,0.8199999928474426,0.8675000071525574,0.8414999842643738,9170131,0.8414999842643738,2017-08-30
1504220400,0.8799999952316284,0.7710000276565552,0.8414999842643738,0.7926999926567078,16395351,0.7926999926567078,2017-08-31
1504306800,0.7998999953269958,0.6399999856948853,0.7926999926567078,0.6920999884605408,24754845,0.6920999884605408,2017-09-01
1504393200,0.7770000100135803,0.6660000085830688,0.6920999884605408,0.7416999936103821,19943217,0.7416999936103821,2017-09-02
1504479600,0.7441999912261963,0.36329999566078186,0.7416999936103821,0.5483999848365784,54618042,0.5483999848365784,2017-09-03
1504566000,0.6499000191688538,0.45500001311302185,0.5483999848365784,0.6132000088691711,28222355,0.6132000088691711,2017-09-04
1504652400,0.7487999796867371,0.5920000076293945,0.6132000088691711,0.7394000291824341,19935928,0.7394000291824341,2017-09-05
1504738800,0.7400000095367432,0.6140999794006348,0.7394000291824341,0.6478999853134155,20523394,0.6478999853134155,2017-09-06
1504825200,0.6600000262260437,0.47859999537467957,0.6478999853134155,0.5372999906539917,33374603,0.5372999906539917,2017-09-07
1504911600,0.5839999914169312,0.5182999968528748,0.5372999906539917,0.5594000220298767,10289183,0.5594000220298767,2017-09-08
1504998000,0.5690000057220459,0.45879998803138733,0.5594000220298767,0.49889999628067017,24813146,0.49889999628067017,2017-09-09
1505084400,0.5690000057220459,0.4790000021457672,0.49889999628067017,0.5627999901771545,13731837,0.5627999901771545,2017-09-10
1505170800,0.6495000123977661,0.5407999753952026,0.5627999901771545,0.5917999744415283,34890237,0.5917999744415283,2017-09-11
1505257200,0.5978999733924866,0.4713999927043915,0.5917999744415283,0.5612999796867371,22654031,0.5612999796867371,2017-09-12
1505343600,0.5759999752044678,0.4410000145435333,0.5612999796867371,0.44940000772476196,23728451,0.44940000772476196,2017-09-13
1505430000,0.5127000212669373,0.3700000047683716,0.44940000772476196,0.4796999990940094,32174255,0.4796999990940094,2017-09-14
1505516400,0.5127999782562256,0.4519999921321869,0.4796999990940094,0.4848000109195709,10781627,0.4848000109195709,2017-09-15
1505602800,0.504800021648407,0.460999995470047,0.4848000109195709,0.4957999885082245,5356020,0.4957999885082245,2017-09-16
1505689200,0.6171000003814697,0.4934000074863434,0.4957999885082245,0.6075000166893005,22068230,0.6075000166893005,2017-09-17
1505775600,0.6144999861717224,0.5521000027656555,0.6075000166893005,0.5584999918937683,10565680,0.5584999918937683,2017-09-18
1505862000,0.5910999774932861,0.5410000085830688,0.5584999918937683,0.5673999786376953,6653281,0.5673999786376953,2017-09-19
1505948400,0.5727999806404114,0.4652999937534332,0.5673999786376953,0.4984999895095825,13514129,0.4984999895095825,2017-09-20
1506034800,0.517799973487854,0.47099998593330383,0.4984999895095825,0.5049999952316284,6901949,0.5049999952316284,2017-09-21
1506121200,0.5550000071525574,0.4934999942779541,0.5049999952316284,0.5400000214576721,6092149,0.5400000214576721,2017-09-22
1506207600,0.5424000024795532,0.5041999816894531,0.5400000214576721,0.5213000178337097,6041901,0.5213000178337097,2017-09-23
1506294000,0.5690000057220459,0.520799994468689,0.5213000178337097,0.5559999942779541,7539856,0.5559999942779541,2017-09-24
1506380400,0.5600000023841858,0.5051000118255615,0.5559999942779541,0.5145999789237976,7950222,0.5145999789237976,2017-09-25
1506466800,0.5544000267982483,0.5049999952316284,0.5145999789237976,0.5508999824523926,8650909,0.5508999824523926,2017-09-26
1506553200,0.6147000193595886,0.5260999798774719,0.5508999824523926,0.5950999855995178,15437603,0.5950999855995178,2017-09-27
1506639600,0.6103000044822693,0.5410000085830688,0.5950999855995178,0.5835999846458435,12467881,0.5835999846458435,2017-09-28
1506726000,0.6492999792098999,0.5759999752044678,0.5835999846458435,0.6223000288009644,15969866,0.6223000288009644,2017-09-29
1506812400,0.6317999958992004,0.5910000205039978,0.6223000288009644,0.6123999953269958,5925652,0.6123999953269958,2017-09-30
1506898800,0.6225000023841858,0.5637999773025513,0.6123999953269958,0.578000009059906,9092544,0.578000009059906,2017-10-01
1506985200,0.5820000171661377,0.5120000243186951,0.578000009059906,0.5605999827384949,8630146,0.5605999827384949,2017-10-02
1507071600,0.5697000026702881,0.5149999856948853,0.5605999827384949,0.544700026512146,5304712,0.544700026512146,2017-10-03
1507158000,0.5680999755859375,0.5160999894142151,0.544700026512146,0.5424000024795532,4345544,0.5424000024795532,2017-10-04
1507244400,0.5631999969482422,0.48739999532699585,0.5424000024795532,0.5040000081062317,6831300,0.5040000081062317,2017-10-05
1507330800,0.5509999990463257,0.4860000014305115,0.5040000081062317,0.536899983882904,5280957,0.536899983882904,2017-10-06
1507417200,0.5400000214576721,0.49300000071525574,0.536899983882904,0.5,5400311,0.5,2017-10-07
1507503600,0.5049999952316284,0.43299999833106995,0.5,0.4690000116825104,10532685,0.4690000116825104,2017-10-08
1507590000,0.4896000027656555,0.45100000500679016,0.4690000116825104,0.47600001096725464,3382461,0.47600001096725464,2017-10-09
1507676400,0.48890000581741333,0.4620000123977661,0.47600001096725464,0.48159998655319214,3021065,0.48159998655319214,2017-10-10
1507762800,0.48669999837875366,0.3799999952316284,0.48159998655319214,0.414000004529953,8673915,0.414000004529953,2017-10-11
1507849200,0.44760000705718994,0.4000000059604645,0.414000004529953,0.4399999976158142,6416802,0.4399999976158142,2017-10-12
1507935600,0.484499990940094,0.4293000102043152,0.4399999976158142,0.45910000801086426,6667635,0.45910000801086426,2017-10-13
1508022000,0.460999995470047,0.4099999964237213,0.45910000801086426,0.4383000135421753,4354699,0.4383000135421753,2017-10-14
1508108400,0.45969998836517334,0.41999998688697815,0.43700000643730164,0.4489000141620636,3408883,0.4489000141620636,2017-10-15
1508194800,0.5070000290870667,0.4311000108718872,0.4489000141620636,0.46799999475479126,5656421,0.46799999475479126,2017-10-16
1508281200,0.4790000021457672,0.42500001192092896,0.46860000491142273,0.453000009059906,5135366,0.453000009059906,2017-10-17
1508367600,0.4677000045776367,0.4099999964237213,0.4542999863624573,0.4325999915599823,4894935,0.4325999915599823,2017-10-18
1508454000,0.4345000088214874,0.385699987411499,0.4327000081539154,0.3995000123977661,8105050,0.3995000123977661,2017-10-19
1508540400,0.4065000116825104,0.31929999589920044,0.39989998936653137,0.3882000148296356,9892547,0.3882000148296356,2017-10-20
1508626800,0.40799999237060547,0.37610000371932983,0.3882000148296356,0.3822999894618988,4764777,0.3822999894618988,2017-10-21
1508713200,0.39399999380111694,0.3400000035762787,0.3822000026702881,0.3880000114440918,6131515,0.3880000114440918,2017-10-22
1508799600,0.5059000253677368,0.3700999915599823,0.3880000114440918,0.44999998807907104,29222238,0.44999998807907104,2017-10-23
1508886000,0.47690001130104065,0.4271000027656555,0.45500001311302185,0.4429999887943268,7419496,0.4429999887943268,2017-10-24
1508972400,0.4569999873638153,0.4115000069141388,0.44339999556541443,0.41679999232292175,5181760,0.41679999232292175,2017-10-25
1509058800,0.4399999976158142,0.38999998569488525,0.4154999852180481,0.42309999465942383,4981146,0.42309999465942383,2017-10-26
1509145200,0.4309000074863434,0.39100000262260437,0.42489999532699585,0.3952000141143799,3727359,0.3952000141143799,2017-10-27
1509231600,0.41499999165534973,0.367000013589859,0.3961000144481659,0.4023999869823456,7988562,0.4023999869823456,2017-10-28
1509321600,0.41499999165534973,0.38510000705718994,0.4032000005245209,0.40799999237060547,4209394,0.40799999237060547,2017-10-30
1509408000,0.40869998931884766,0.38909998536109924,0.4072999954223633,0.3917999863624573,3872511,0.3917999863624573,2017-10-31
1509494400,0.392300009727478,0.3517000079154968,0.3912000060081482,0.3643999993801117,5509264,0.3643999993801117,2017-11-01
1509580800,0.3847000002861023,0.3199999928474426,0.3637000024318695,0.366100013256073,10324161,0.366100013256073,2017-11-02
1509667200,0.396699994802475,0.3587999939918518,0.36419999599456787,0.3926999866962433,6072020,0.3926999866962433,2017-11-03
1509753600,0.3937000036239624,0.36489999294281006,0.3937000036239624,0.3684999942779541,3646845,0.3684999942779541,2017-11-04
1509840000,0.3709999918937683,0.33500000834465027,0.3695000112056732,0.350600004196167,5525771,0.350600004196167,2017-11-05
1509926400,0.37950000166893005,0.33869999647140503,0.350600004196167,0.37290000915527344,5451385,0.37290000915527344,2017-11-06
1510012800,0.39800000190734863,0.3621000051498413,0.37400001287460327,0.3824000060558319,7791821,0.3824000060558319,2017-11-07
1510099200,0.49050000309944153,0.3799999952316284,0.3824000060558319,0.4729999899864197,25446432,0.4729999899864197,2017-11-08
1510185600,0.5999000072479248,0.46399998664855957,0.4745999872684479,0.5335000157356262,50128964,0.5335000157356262,2017-11-09
1510272000,0.5640000104904175,0.45500001311302185,0.5338000059127808,0.503000020980835,33670596,0.503000020980835,2017-11-10
1510358400,0.6248999834060669,0.49390000104904175,0.5011000037193298,0.6198999881744385,17511551,0.6198999881744385,2017-11-11
1510444800,0.6349999904632568,0.5049999952316284,0.6237000226974487,0.5885000228881836,20183170,0.5885000228881836,2017-11-12
1510531200,0.6394000053405762,0.567300021648407,0.5860999822616577,0.5860999822616577,18251885,0.5860999822616577,2017-11-13
1510617600,0.6189000010490417,0.5249999761581421,0.5835000276565552,0.60589998960495,16593511,0.60589998960495,2017-11-14
1510704000,0.7872999906539917,0.6000000238418579,0.60589998960495,0.7870000004768372,33027096,0.7870000004768372,2017-11-15
1510790400,0.8967000246047974,0.7059999704360962,0.7870000004768372,0.824999988079071,48084616,0.824999988079071,2017-11-16
1510876800,0.8776999711990356,0.7263000011444092,0.824999988079071,0.7910000085830688,41712614,0.7910000085830688,2017-11-17
1510963200,0.8489999771118164,0.7498999834060669,0.7911999821662903,0.8190000057220459,23561110,0.8190000057220459,2017-11-18
1511049600,0.8840000033378601,0.8047000169754028,0.8162999749183655,0.8528000116348267,22691168,0.8528000116348267,2017-11-19
1511136000,0.984000027179718,0.8500000238418579,0.8510000109672546,0.9531000256538391,30558575,0.9531000256538391,2017-11-20
1511222400,0.9819999933242798,0.7462999820709229,0.9584000110626221,0.8845999836921692,39379797,0.8845999836921692,2017-11-21
1511308800,0.9550999999046326,0.852400004863739,0.8844000101089478,0.9009000062942505,26686976,0.9009000062942505,2017-11-22
1511395200,0.9150000214576721,0.7789999842643738,0.9009000062942505,0.7791000008583069,27029628,0.7791000008583069,2017-11-23
1511481600,0.7942000031471252,0.6679999828338623,0.7791000008583069,0.7835000157356262,33935405,0.7835000157356262,2017-11-24
1511568000,0.8560000061988831,0.7050999999046326,0.7836999893188477,0.8054999709129333,23880679,0.8054999709129333,2017-11-25
1511654400,0.8054999709129333,0.8054999709129333,0.8054999709129333,0.8054999709129333,0,0.8054999709129333,2017-11-26
1511740800,1.100000023841858,0.7882000207901001,0.8054999709129333,1.0399999618530273,44909311,1.0399999618530273,2017-11-27
1511827200,1.4700000286102295,1.0199999809265137,1.0399999618530273,1.4500000476837158,64625717,1.4500000476837158,2017-11-28
1511913600,1.5399999618530273,1.0700000524520874,1.4500000476837158,1.2400000095367432,63751202,1.2400000095367432,2017-11-29
1512000000,1.3799999952316284,1.0800000429153442,1.2400000095367432,1.309999942779541,52871372,1.309999942779541,2017-11-30
1512086400,1.5,1.2200000286102295,1.309999942779541,1.440000057220459,39031245,1.440000057220459,2017-12-01
1512172800,1.4500000476837158,1.3300000429153442,1.440000057220459,1.440000057220459,38912891,1.440000057220459,2017-12-02
1512259200,1.9800000190734863,1.4199999570846558,1.4500000476837158,1.840000033378601,59893496,1.840000033378601,2017-12-03
1512345600,2.890000104904175,1.8300000429153442,1.840000033378601,2.630000114440918,103291345,2.630000114440918,2017-12-04
1512432000,3.9700000286102295,2.0999999046325684,2.630000114440918,3.819999933242798,260234070,3.819999933242798,2017-12-05
1512518400,5.579999923706055,3.509999990463257,3.740000009536743,4.449999809265137,421344163,4.449999809265137,2017-12-06
1512604800,4.579999923706055,3.0299999713897705,4.349999904632568,4.039999961853027,320704992,4.039999961853027,2017-12-07
1512691200,4.949999809265137,3.430000066757202,4.039999961853027,4.929999828338623,265688180,4.929999828338623,2017-12-08
1512777600,5.199999809265137,4.010000228881836,4.949999809265137,4.519999980926514,257716406,4.519999980926514,2017-12-09
1512864000,4.53000020980835,3.5799999237060547,4.53000020980835,3.9800000190734863,282707340,3.9800000190734863,2017-12-10
1512950400,4.550000190734863,4.0,4.039999961853027,4.21999979019165,147499517,4.21999979019165,2017-12-11
1513036800,5.03000020980835,4.130000114440918,4.21999979019165,4.730000019073486,187219571,4.730000019073486,2017-12-12
1513123200,4.78000020980835,3.630000114440918,4.730000019073486,4.050000190734863,198218439,4.050000190734863,2017-12-13
1513209600,4.329999923706055,3.25,4.050000190734863,3.6700000762939453,234297788,3.6700000762939453,2017-12-14
1513296000,4.190000057220459,3.319999933242798,3.700000047683716,3.9000000953674316,170564268,3.9000000953674316,2017-12-15
1513382400,4.039999961853027,3.4000000953674316,3.9000000953674316,3.5899999141693115,112269586,3.5899999141693115,2017-12-16
1513468800,3.9800000190734863,3.4100000858306885,3.5899999141693115,3.759999990463257,118889809,3.759999990463257,2017-12-17
1513555200,4.380000114440918,3.5199999809265137,3.759999990463257,4.159999847412109,170934670,4.159999847412109,2017-12-18
1513641600,5.800000190734863,3.700000047683716,4.159999847412109,5.320000171661377,496624251,5.320000171661377,2017-12-19
1513728000,5.550000190734863,4.5,5.320000171661377,4.869999885559082,262318827,4.869999885559082,2017-12-20
1513814400,5.329999923706055,4.510000228881836,4.869999885559082,4.739999771118164,183549919,4.739999771118164,2017-12-21
1513900800,4.829999923706055,1.100000023841858,4.739999771118164,3.380000114440918,486846533,3.380000114440918,2017-12-22
1513987200,4.090000152587891,3.25,3.380000114440918,3.559999942779541,143725391,3.559999942779541,2017-12-23
1514073600,3.5999999046325684,2.7200000286102295,3.559999942779541,3.4200000762939453,156905602,3.4200000762939453,2017-12-24
1514160000,3.7899999618530273,3.2100000381469727,3.4200000762939453,3.450000047683716,83480266,3.450000047683716,2017-12-25
1514246400,3.7899999618530273,3.430000066757202,3.450000047683716,3.7699999809265137,69066741,3.7699999809265137,2017-12-26
1514332800,4.340000152587891,3.5799999237060547,3.7699999809265137,3.700000047683716,160528719,3.700000047683716,2017-12-27
1514419200,3.7699999809265137,3.2100000381469727,3.700000047683716,3.6500000953674316,94241062,3.6500000953674316,2017-12-28
1514505600,3.9100000858306885,3.430000066757202,3.6500000953674316,3.6500000953674316,77358590,3.6500000953674316,2017-12-29
1514592000,3.740000009536743,2.9000000953674316,3.6500000953674316,3.240000009536743,101368721,3.240000009536743,2017-12-30
1514678400,3.690000057220459,3.2300000190734863,3.240000009536743,3.509999990463257,56908518,3.509999990463257,2017-12-31
1514764800,4.199999809265137,3.390000104904175,3.509999990463257,3.9000000953674316,84251830,3.9000000953674316,2018-01-01
1514851200,4.25,3.7899999618530273,3.9000000953674316,3.9800000190734863,84449230,3.9800000190734863,2018-01-02
1514937600,4.179999828338623,3.9000000953674316,3.9800000190734863,4.130000114440918,55821832,4.130000114440918,2018-01-03
1515024000,4.5,3.7100000381469727,4.130000114440918,4.099999904632568,94278981,4.099999904632568,2018-01-04
1515110400,4.190000057220459,3.619999885559082,4.099999904632568,3.759999990463257,51367251,3.759999990463257,2018-01-05
1515196800,4.139999866485596,3.75,3.759999990463257,3.990000009536743,37675132,3.990000009536743,2018-01-06
1515283200,4.440000057220459,3.950000047683716,3.990000009536743,4.079999923706055,80942261,4.079999923706055,2018-01-07
1515369600,4.199999809265137,3.1600000858306885,4.079999923706055,3.7899999618530273,72494523,3.7899999618530273,2018-01-08
1515456000,3.9200000762939453,3.4100000858306885,3.7899999618530273,3.5299999713897705,50959571,3.5299999713897705,2018-01-09
1515542400,3.7699999809265137,3.0999999046325684,3.5299999713897705,3.75,61960894,3.75,2018-01-10
1515628800,3.799999952316284,2.950000047683716,3.740000009536743,3.3499999046325684,75688128,3.3499999046325684,2018-01-11
1515715200,3.700000047683716,3.2200000286102295,3.3499999046325684,3.640000104904175,31502035,3.640000104904175,2018-01-12
1515801600,4.079999923706055,3.640000104904175,3.640000104904175,3.9000000953674316,50484640,3.9000000953674316,2018-01-13
1515888000,4.03000020980835,3.569999933242798,3.9000000953674316,3.7200000286102295,38775769,3.7200000286102295,2018-01-14
1515974400,3.7699999809265137,3.4100000858306885,3.7200000286102295,3.4700000286102295,24637422,3.4700000286102295,2018-01-15
1516060800,3.4800000190734863,1.9199999570846558,3.4700000286102295,2.549999952316284,125424301,2.549999952316284,2018-01-16
1516147200,2.930000066757202,1.9299999475479126,2.549999952316284,2.700000047683716,95448237,2.700000047683716,2018-01-17
1516233600,3.0299999713897705,2.549999952316284,2.700000047683716,2.7100000381469727,50048635,2.7100000381469727,2018-01-18
1516320000,2.9100000858306885,2.4000000953674316,2.7100000381469727,2.6600000858306885,36440937,2.6600000858306885,2018-01-19
1516406400,3.1500000953674316,2.6600000858306885,2.6600000858306885,2.990000009536743,41106340,2.990000009536743,2018-01-20
1516492800,2.990000009536743,2.5999999046325684,2.990000009536743,2.7699999809265137,33740924,2.7699999809265137,2018-01-21
1516579200,2.9100000858306885,2.119999885559082,2.7699999809265137,2.450000047683716,46253522,2.450000047683716,2018-01-22
1516665600,2.640000104904175,2.200000047683716,2.450000047683716,2.509999990463257,31850361,2.509999990463257,2018-01-23
1516752000,2.5799999237060547,2.3399999141693115,2.509999990463257,2.4600000381469727,24071816,2.4600000381469727,2018-01-24
1516838400,2.5999999046325684,2.3299999237060547,2.4600000381469727,2.3499999046325684,19007018,2.3499999046325684,2018-01-25
1516924800,2.4600000381469727,2.190000057220459,2.3499999046325684,2.359999895095825,22986403,2.359999895095825,2018-01-26
1517011200,2.5,2.3399999141693115,2.359999895095825,2.4600000381469727,14895061,2.4600000381469727,2018-01-27
1517097600,2.559999942779541,2.440000057220459,2.4600000381469727,2.5,11621944,2.5,2018-01-28
1517184000,2.5899999141693115,2.380000114440918,2.5,2.549999952316284,16566340,2.549999952316284,2018-01-29
1517270400,2.619999885559082,2.1500000953674316,2.549999952316284,2.2200000286102295,38126404,2.2200000286102295,2018-01-30
1517356800,2.3499999046325684,2.1700000762939453,2.2200000286102295,2.299999952316284,14445039,2.299999952316284,2018-01-31
1517443200,2.309999942779541,1.7200000286102295,2.299999952316284,1.8899999856948853,46430546,1.8899999856948853,2018-02-01
1517529600,1.9500000476837158,1.4299999475479126,1.8899999856948853,1.7999999523162842,54347809,1.7999999523162842,2018-02-02
1517616000,2.049999952316284,1.6200000047683716,1.7999999523162842,2.009999990463257,24729050,2.009999990463257,2018-02-03
1517702400,2.0799999237060547,1.600000023841858,2.009999990463257,1.7400000095367432,27886300,1.7400000095367432,2018-02-04
1517788800,1.7799999713897705,1.3300000429153442,1.7400000095367432,1.440000057220459,36567257,1.440000057220459,2018-02-05
1517875200,1.7200000286102295,1.2000000476837158,1.440000057220459,1.590000033378601,43155356,1.590000033378601,2018-02-06
1517961600,1.8799999952316284,1.5099999904632568,1.590000033378601,1.590000033378601,33694026,1.590000033378601,2018-02-07
1518048000,1.8799999952316284,1.590000033378601,1.590000033378601,1.7599999904632568,19621403,1.7599999904632568,2018-02-08
1518134400,1.9900000095367432,1.659999966621399,1.7599999904632568,1.9299999475479126,19983997,1.9299999475479126,2018-02-09
1518220800,2.109999895095825,1.7300000190734863,1.9299999475479126,1.8300000429153442,22976646,1.8300000429153442,2018-02-10
1518307200,1.840000033378601,1.5800000429153442,1.8300000429153442,1.6699999570846558,14509089,1.6699999570846558,2018-02-11
1518393600,1.909999966621399,1.6699999570846558,1.6699999570846558,1.8799999952316284,12512544,1.8799999952316284,2018-02-12
1518480000,1.8799999952316284,1.7200000286102295,1.8799999952316284,1.8200000524520874,8560481,1.8200000524520874,2018-02-13
1518566400,2.0399999618530273,1.7699999809265137,1.8200000524520874,2.0299999713897705,16364321,2.0299999713897705,2018-02-14
1518652800,2.190000057220459,1.9700000286102295,2.0299999713897705,2.0999999046325684,24671247,2.0999999046325684,2018-02-15
1518739200,2.180000066757202,1.9600000381469727,2.0999999046325684,2.0999999046325684,15726765,2.0999999046325684,2018-02-16
1518825600,2.2100000381469727,2.069999933242798,2.0999999046325684,2.200000047683716,13707120,2.200000047683716,2018-02-17
1518912000,2.2100000381469727,1.909999966621399,2.200000047683716,1.9600000381469727,15124430,1.9600000381469727,2018-02-18
1518998400,2.1600000858306885,1.940000057220459,1.9600000381469727,2.069999933242798,10182264,2.069999933242798,2018-02-19
1519084800,2.119999885559082,1.8200000524520874,2.069999933242798,1.8799999952316284,16136380,1.8799999952316284,2018-02-20
1519171200,1.9199999570846558,1.690000057220459,1.8799999952316284,1.7100000381469727,19209522,1.7100000381469727,2018-02-21
1519257600,1.850000023841858,1.5399999618530273,1.7100000381469727,1.600000023841858,19184218,1.600000023841858,2018-02-22
1519344000,1.7999999523162842,1.559999942779541,1.600000023841858,1.7100000381469727,11963508,1.7100000381469727,2018-02-23
1519430400,1.7899999618530273,1.6200000047683716,1.7100000381469727,1.7400000095367432,11249252,1.7400000095367432,2018-02-24
1519516800,1.9600000381469727,1.7100000381469727,1.7400000095367432,1.7899999618530273,24302805,1.7899999618530273,2018-02-25
1519603200,1.909999966621399,1.7400000095367432,1.7899999618530273,1.850000023841858,12017374,1.850000023841858,2018-02-26
1519689600,2.0899999141693115,1.7899999618530273,1.850000023841858,1.9600000381469727,20337023,1.9600000381469727,2018-02-27
1519776000,2.0199999809265137,1.8200000524520874,1.9600000381469727,1.850000023841858,13272687,1.850000023841858,2018-02-28
1519862400,2.0199999809265137,1.8200000524520874,1.850000023841858,1.9700000286102295,12318435,1.9700000286102295,2018-03-01
1519948800,2.0199999809265137,1.850000023841858,1.9700000286102295,1.9199999570846558,7773573,1.9199999570846558,2018-03-02
1520035200,1.9700000286102295,1.840000033378601,1.9199999570846558,1.8600000143051147,7189078,1.8600000143051147,2018-03-03
1520121600,1.9199999570846558,1.809999942779541,1.8600000143051147,1.8899999856948853,7419008,1.8899999856948853,2018-03-04
1520208000,1.899999976158142,1.840000033378601,1.8899999856948853,1.8600000143051147,5706428,1.8600000143051147,2018-03-05
1520294400,1.899999976158142,1.6100000143051147,1.8600000143051147,1.6799999475479126,21157543,1.6799999475479126,2018-03-06
1520380800,1.7200000286102295,1.350000023841858,1.6799999475479126,1.5299999713897705,30341844,1.5299999713897705,2018-03-07
1520467200,1.5399999618530273,1.350000023841858,1.5299999713897705,1.3700000047683716,13203611,1.3700000047683716,2018-03-08
1520553600,1.399999976158142,1.1399999856948853,1.3700000047683716,1.3799999952316284,24931470,1.3799999952316284,2018-03-09
1520640000,1.4800000190734863,1.2699999809265137,1.3799999952316284,1.2899999618530273,13439475,1.2899999618530273,2018-03-10
1520726400,1.440000057220459,1.2300000190734863,1.2899999618530273,1.3700000047683716,12488044,1.3700000047683716,2018-03-11
1520812800,1.4199999570846558,1.2599999904632568,1.3700000047683716,1.3300000429153442,9760650,1.3300000429153442,2018-03-12
1520899200,1.350000023841858,1.2699999809265137,1.3300000429153442,1.2999999523162842,4676229,1.2999999523162842,2018-03-13
1520985600,1.3200000524520874,1.090000033378601,1.2999999523162842,1.1100000143051147,13038696,1.1100000143051147,2018-03-14
1521072000,1.149999976158142,1.0299999713897705,1.1100000143051147,1.090000033378601,14361572,1.090000033378601,2018-03-15
1521158400,1.149999976158142,1.0199999809265137,1.090000033378601,1.090000033378601,8151841,1.090000033378601,2018-03-16
1521244800,1.149999976158142,1.059999942779541,1.090000033378601,1.1299999952316284,10969144,1.1299999952316284,2018-03-17
1521331200,1.309999942779541,1.0499999523162842,1.1299999952316284,1.2300000190734863,34018899,1.2300000190734863,2018-03-18
1521417600,1.340000033378601,1.1799999475479126,1.2300000190734863,1.3200000524520874,17802560,1.3200000524520874,2018-03-19
1521504000,1.5299999713897705,1.2799999713897705,1.3200000524520874,1.440000057220459,21867894,1.440000057220459,2018-03-20
1521590400,1.5,1.340000033378601,1.440000057220459,1.3700000047683716,15743742,1.3700000047683716,2018-03-21
1521676800,1.4199999570846558,1.2599999904632568,1.3700000047683716,1.3200000524520874,9091837,1.3200000524520874,2018-03-22
1521763200,1.3600000143051147,1.2400000095367432,1.3200000524520874,1.3600000143051147,7840630,1.3600000143051147,2018-03-23
1521849600,1.4199999570846558,1.309999942779541,1.3600000143051147,1.3200000524520874,7237483,1.3200000524520874,2018-03-24
1521936000,1.3700000047683716,1.2599999904632568,1.3200000524520874,1.3200000524520874,6089384,1.3200000524520874,2018-03-25
1522018800,1.3300000429153442,1.1799999475479126,1.3200000524520874,1.2300000190734863,9154908,1.2300000190734863,2018-03-25
1522105200,1.2400000095367432,1.1399999856948853,1.2300000190734863,1.1699999570846558,7488226,1.1699999570846558,2018-03-26
1522191600,1.25,1.159999966621399,1.1699999570846558,1.1799999475479126,4191646,1.1799999475479126,2018-03-27
1522278000,1.190000057220459,1.059999942779541,1.1799999475479126,1.090000033378601,13044785,1.090000033378601,2018-03-28
1522364400,1.1399999856948853,1.0499999523162842,1.090000033378601,1.1100000143051147,10606415,1.1100000143051147,2018-03-29
1522450800,1.159999966621399,1.059999942779541,1.1100000143051147,1.0700000524520874,7346004,1.0700000524520874,2018-03-30
1522537200,1.090000033378601,0.9399999976158142,1.0700000524520874,0.9871000051498413,11460934,0.9871000051498413,2018-03-31
1522623600,1.059999942779541,0.9811999797821045,0.9871000051498413,1.0299999713897705,5744555,1.0299999713897705,2018-04-01
1522710000,1.1200000047683716,1.0299999713897705,1.0299999713897705,1.1100000143051147,6132185,1.1100000143051147,2018-04-02
1522796400,1.1100000143051147,0.9549999833106995,1.1100000143051147,0.9815000295639038,7253664,0.9815000295639038,2018-04-03
1522882800,0.9941999912261963,0.925000011920929,0.9815000295639038,0.972000002861023,5348936,0.972000002861023,2018-04-04
1522969200,0.9950000047683716,0.9150000214576721,0.972000002861023,0.9315999746322632,3406180,0.9315999746322632,2018-04-05
1523055600,1.0299999713897705,0.9264000058174133,0.9315999746322632,0.9799000024795532,4004347,0.9799000024795532,2018-04-06
1523142000,1.0499999523162842,0.9681000113487244,0.9799000024795532,1.0299999713897705,4594574,1.0299999713897705,2018-04-07
1523228400,1.0700000524520874,0.9621999859809875,1.0299999713897705,0.9904999732971191,5709691,0.9904999732971191,2018-04-08
1523314800,1.0199999809265137,0.9599999785423279,0.9904999732971191,1.0099999904632568,3431442,1.0099999904632568,2018-04-09
1523401200,1.0700000524520874,1.0,1.0099999904632568,1.0700000524520874,3787314,1.0700000524520874,2018-04-10
1523487600,1.399999976158142,1.0299999713897705,1.0700000524520874,1.340000033378601,29622780,1.340000033378601,2018-04-11
1523574000,1.5099999904632568,1.2799999713897705,1.340000033378601,1.3200000524520874,37946590,1.3200000524520874,2018-04-12
1523660400,1.4700000286102295,1.2899999618530273,1.3200000524520874,1.440000057220459,14221912,1.440000057220459,2018-04-13
1523746800,1.7000000476837158,1.440000057220459,1.440000057220459,1.6699999570846558,45012070,1.6699999570846558,2018-04-14
1523833200,1.7000000476837158,1.5199999809265137,1.6699999570846558,1.6299999952316284,30914544,1.6299999952316284,2018-04-15
1523919600,1.6699999570846558,1.5399999618530273,1.6299999952316284,1.559999942779541,16905500,1.559999942779541,2018-04-16
1524006000,1.7200000286102295,1.5399999618530273,1.559999942779541,1.690000057220459,16980321,1.690000057220459,2018-04-17
1524092400,1.7899999618530273,1.6299999952316284,1.690000057220459,1.7699999809265137,18256763,1.7699999809265137,2018-04-18
1524178800,2.0199999809265137,1.7400000095367432,1.7699999809265137,1.9800000190734863,33020249,1.9800000190734863,2018-04-19
1524265200,2.009999990463257,1.809999942779541,1.9800000190734863,1.9299999475479126,23749990,1.9299999475479126,2018-04-20
1524351600,2.119999885559082,1.8700000047683716,1.9299999475479126,2.0,33994601,2.0,2018-04-21
1524438000,2.200000047683716,1.9800000190734863,2.0,2.130000114440918,28679894,2.130000114440918,2018-04-22
1524524400,2.240000009536743,2.109999895095825,2.130000114440918,2.130000114440918,30339526,2.130000114440918,2018-04-23
1524610800,2.130000114440918,1.7200000286102295,2.130000114440918,1.7899999618530273,56529117,1.7899999618530273,2018-04-24
1524697200,2.069999933242798,1.7000000476837158,1.7899999618530273,2.0399999618530273,25359196,2.0399999618530273,2018-04-25
1524783600,2.0999999046325684,1.8700000047683716,2.0399999618530273,1.8899999856948853,22323292,1.8899999856948853,2018-04-26
1524870000,2.0899999141693115,1.8700000047683716,1.8899999856948853,2.0299999713897705,20824810,2.0299999713897705,2018-04-27
1524956400,2.140000104904175,1.909999966621399,2.0299999713897705,2.0299999713897705,27630481,2.0299999713897705,2018-04-28
1525042800,2.049999952316284,1.9199999570846558,2.0299999713897705,1.9600000381469727,17033512,1.9600000381469727,2018-04-29
1525129200,1.9900000095367432,1.809999942779541,1.9600000381469727,1.9900000095367432,20447065,1.9900000095367432,2018-04-30
1525215600,2.3499999046325684,1.940000057220459,1.9900000095367432,2.259999990463257,48688543,2.259999990463257,2018-05-01
1525302000,2.700000047683716,2.200000047683716,2.259999990463257,2.5799999237060547,94215328,2.5799999237060547,2018-05-02
1525388400,2.5899999141693115,2.3299999237060547,2.5799999237060547,2.450000047683716,40970823,2.450000047683716,2018-05-03
1525474800,2.4700000286102295,2.299999952316284,2.450000047683716,2.390000104904175,20587962,2.390000104904175,2018-05-04
1525561200,2.5199999809265137,2.190000057220459,2.390000104904175,2.299999952316284,33643864,2.299999952316284,2018-05-05
1525647600,2.309999942779541,2.069999933242798,2.299999952316284,2.25,31827581,2.25,2018-05-06
1525734000,2.549999952316284,2.2300000190734863,2.25,2.440000057220459,61492764,2.440000057220459,2018-05-07
1525820400,2.440000057220459,2.259999990463257,2.440000057220459,2.2899999618530273,20174098,2.2899999618530273,2018-05-08
1525906800,2.319999933242798,2.130000114440918,2.2899999618530273,2.140000104904175,16262127,2.140000104904175,2018-05-09
1525993200,2.140000104904175,1.7699999809265137,2.140000104904175,1.840000033378601,48789565,1.840000033378601,2018-05-10
1526079600,1.9500000476837158,1.690000057220459,1.840000033378601,1.899999976158142,26444445,1.899999976158142,2018-05-11
1526166000,2.0299999713897705,1.809999942779541,1.899999976158142,2.0,17808796,2.0,2018-05-12
1526252400,2.0199999809265137,1.7999999523162842,2.0,1.9299999475479126,23021079,1.9299999475479126,2018-05-13
1526338800,2.0999999046325684,1.899999976158142,1.9299999475479126,1.9900000095367432,30632541,1.9900000095367432,2018-05-14
1526425200,1.9900000095367432,1.7899999618530273,1.9900000095367432,1.8899999856948853,24628268,1.8899999856948853,2018-05-15
1526511600,1.9600000381469727,1.659999966621399,1.8899999856948853,1.7000000476837158,24949066,1.7000000476837158,2018-05-16
1526598000,1.7799999713897705,1.6399999856948853,1.7000000476837158,1.7599999904632568,14527038,1.7599999904632568,2018-05-17
1526684400,1.8300000429153442,1.7000000476837158,1.7599999904632568,1.75,9771929,1.75,2018-05-18
1526770800,1.850000023841858,1.7300000190734863,1.75,1.8300000429153442,7777610,1.8300000429153442,2018-05-19
1526857200,1.850000023841858,1.7000000476837158,1.8300000429153442,1.7300000190734863,8637162,1.7300000190734863,2018-05-20
1526943600,1.75,1.6100000143051147,1.7300000190734863,1.6200000047683716,12050518,1.6200000047683716,2018-05-21
1527030000,1.649999976158142,1.3899999856948853,1.6200000047683716,1.4600000381469727,32772572,1.4600000381469727,2018-05-22
1527116400,1.5499999523162842,1.3799999952316284,1.4600000381469727,1.5399999618530273,19332333,1.5399999618530273,2018-05-23
1527202800,1.590000033378601,1.440000057220459,1.5399999618530273,1.4900000095367432,12820316,1.4900000095367432,2018-05-24
1527289200,1.5499999523162842,1.4600000381469727,1.4900000095367432,1.4700000286102295,7003727,1.4700000286102295,2018-05-25
1527375600,1.4800000190734863,1.409999966621399,1.4700000286102295,1.4600000381469727,8631198,1.4600000381469727,2018-05-26
1527462000,1.4800000190734863,1.340000033378601,1.4600000381469727,1.350000023841858,10973170,1.350000023841858,2018-05-27
1527548400,1.659999966621399,1.3300000429153442,1.350000023841858,1.590000033378601,35133806,1.590000033378601,2018-05-28
1527634800,1.649999976158142,1.5099999904632568,1.590000033378601,1.5700000524520874,23193042,1.5700000524520874,2018-05-29
1527721200,1.8300000429153442,1.5499999523162842,1.5700000524520874,1.7599999904632568,38992966,1.7599999904632568,2018-05-30
1527807600,1.9500000476837158,1.7100000381469727,1.7599999904632568,1.9199999570846558,39394891,1.9199999570846558,2018-05-31
1527894000,1.9600000381469727,1.850000023841858,1.9199999570846558,1.8899999856948853,25131298,1.8899999856948853,2018-06-01
1527980400,2.0299999713897705,1.7400000095367432,1.8899999856948853,1.809999942779541,46306863,1.809999942779541,2018-06-02
1528066800,1.850000023841858,1.690000057220459,1.809999942779541,1.7200000286102295,26060114,1.7200000286102295,2018-06-03
1528153200,1.7799999713897705,1.659999966621399,1.7200000286102295,1.75,16563743,1.75,2018-06-04
1528239600,1.7699999809265137,1.6200000047683716,1.75,1.7000000476837158,13539074,1.7000000476837158,2018-06-05
1528326000,1.7699999809265137,1.6699999570846558,1.7000000476837158,1.7000000476837158,11052455,1.7000000476837158,2018-06-06
1528412400,1.7400000095367432,1.6699999570846558,1.7000000476837158,1.7100000381469727,7180849,1.7100000381469727,2018-06-07
1528498800,1.7599999904632568,1.6299999952316284,1.7100000381469727,1.649999976158142,10448879,1.649999976158142,2018-06-08
1528585200,1.649999976158142,1.2999999523162842,1.649999976158142,1.3700000047683716,44522766,1.3700000047683716,2018-06-09
1528671600,1.4700000286102295,1.309999942779541,1.3700000047683716,1.4500000476837158,17322554,1.4500000476837158,2018-06-10
1528758000,1.4500000476837158,1.2100000381469727,1.4500000476837158,1.25,23961648,1.25,2018-06-11
1528844400,1.2899999618530273,1.1200000047683716,1.25,1.2000000476837158,30446401,1.2000000476837158,2018-06-12
1528930800,1.3300000429153442,1.1699999570846558,1.2000000476837158,1.2699999809265137,28375527,1.2699999809265137,2018-06-13
1529017200,1.2999999523162842,1.149999976158142,1.2699999809265137,1.1799999475479126,17344730,1.1799999475479126,2018-06-14
1529103600,1.2300000190734863,1.149999976158142,1.1799999475479126,1.2000000476837158,9554082,1.2000000476837158,2018-06-15
1529190000,1.2100000381469727,1.159999966621399,1.2000000476837158,1.1699999570846558,8692128,1.1699999570846558,2018-06-16
1529276400,1.2100000381469727,1.0800000429153442,1.1699999570846558,1.1799999475479126,21880400,1.1799999475479126,2018-06-17
1529362800,1.25,1.159999966621399,1.1799999475479126,1.1799999475479126,16883558,1.1799999475479126,2018-06-18
1529449200,1.190000057220459,1.1100000143051147,1.1799999475479126,1.159999966621399,12771627,1.159999966621399,2018-06-19
1529535600,1.190000057220459,1.1399999856948853,1.159999966621399,1.159999966621399,5351225,1.159999966621399,2018-06-20
1529622000,1.1799999475479126,0.9311000108718872,1.159999966621399,0.9771000146865845,30885179,0.9771000146865845,2018-06-21
1529708400,1.0700000524520874,0.9559999704360962,0.9771000146865845,1.0399999618530273,14631571,1.0399999618530273,2018-06-22
1529794800,1.0399999618530273,0.8851000070571899,1.0399999618530273,0.9769999980926514,23484322,0.9769999980926514,2018-06-23
1529881200,1.059999942779541,0.9577000141143799,0.9769999980926514,1.0199999809265137,14259669,1.0199999809265137,2018-06-24
1529967600,1.0299999713897705,0.9301000237464905,1.0199999809265137,0.9391999840736389,11234604,0.9391999840736389,2018-06-25
1530054000,1.0199999809265137,0.9179999828338623,0.9391999840736389,0.9873999953269958,9966863,0.9873999953269958,2018-06-26
1530140400,1.0,0.9013000130653381,0.9873999953269958,0.9178000092506409,8205073,0.9178000092506409,2018-06-27
1530226800,0.9810000061988831,0.8877000212669373,0.9178000092506409,0.9627000093460083,12519372,0.9627000093460083,2018-06-28
1530313200,1.0399999618530273,0.9624999761581421,0.9627000093460083,1.0099999904632568,11006679,1.0099999904632568,2018-06-29
1530399600,1.090000033378601,0.9902999997138977,1.0099999904632568,1.0700000524520874,12990551,1.0700000524520874,2018-06-30
1530486000,1.190000057220459,1.0299999713897705,1.0700000524520874,1.1699999570846558,18527303,1.1699999570846558,2018-07-01
1530572400,1.2400000095367432,1.1299999952316284,1.1699999570846558,1.149999976158142,21878357,1.149999976158142,2018-07-02
1530658800,1.2599999904632568,1.100000023841858,1.149999976158142,1.2200000286102295,16866150,1.2200000286102295,2018-07-03
1530745200,1.2200000286102295,1.1100000143051147,1.2200000286102295,1.149999976158142,18080644,1.149999976158142,2018-07-04
1530831600,1.159999966621399,1.0199999809265137,1.149999976158142,1.0499999523162842,20051983,1.0499999523162842,2018-07-05
1530918000,1.100000023841858,1.0299999713897705,1.0499999523162842,1.100000023841858,9580910,1.100000023841858,2018-07-06
1531004400,1.149999976158142,1.059999942779541,1.100000023841858,1.0800000429153442,10091227,1.0800000429153442,2018-07-07
1531090800,1.100000023841858,1.0299999713897705,1.0800000429153442,1.0399999618530273,8371091,1.0399999618530273,2018-07-08
1531177200,1.0399999618530273,0.9433000087738037,1.0399999618530273,0.9567999839782715,13535725,0.9567999839782715,2018-07-09
1531263600,1.0099999904632568,0.9345999956130981,0.9567999839782715,1.0,7249822,1.0,2018-07-10
1531350000,1.0,0.9300000071525574,1.0,0.9660999774932861,8334970,0.9660999774932861,2018-07-11
1531436400,1.0,0.9549999833106995,0.9660999774932861,0.9623000025749207,6628219,0.9623000025749207,2018-07-12
1531522800,0.9952999949455261,0.9573000073432922,0.9623000025749207,0.9710000157356262,3050103,0.9710000157356262,2018-07-13
1531609200,1.0199999809265137,0.9677000045776367,0.9710000157356262,1.0,5332159,1.0,2018-07-14
1531695600,1.1100000143051147,0.9860000014305115,1.0,1.090000033378601,15382415,1.090000033378601,2018-07-15
1531782000,1.1699999570846558,1.0499999523162842,1.090000033378601,1.1399999856948853,17485643,1.1399999856948853,2018-07-16
1531868400,1.1799999475479126,1.0700000524520874,1.1399999856948853,1.090000033378601,16373979,1.090000033378601,2018-07-17
1531954800,1.090000033378601,1.0299999713897705,1.090000033378601,1.0399999618530273,10381113,1.0399999618530273,2018-07-18
1532041200,1.0399999618530273,0.9412000179290771,1.0399999618530273,0.9607999920845032,14055270,0.9607999920845032,2018-07-19
1532127600,1.0199999809265137,0.9419999718666077,0.9607999920845032,0.9990000128746033,6648376,0.9990000128746033,2018-07-20
1532214000,1.0099999904632568,0.9620000123977661,0.9990000128746033,0.9790999889373779,5462544,0.9790999889373779,2018-07-21
1532300400,1.0099999904632568,0.9200000166893005,0.9790999889373779,0.9316999912261963,9537019,0.9316999912261963,2018-07-22
1532386800,1.0,0.9065999984741211,0.9316999912261963,0.9800999760627747,11898797,0.9800999760627747,2018-07-23
1532473200,1.0199999809265137,0.9610000252723694,0.9800999760627747,0.9861000180244446,8618089,0.9861000180244446,2018-07-24
1532559600,1.059999942779541,0.9854999780654907,0.9861000180244446,1.0199999809265137,12442976,1.0199999809265137,2018-07-25
1532646000,1.0399999618530273,0.9729999899864197,1.0199999809265137,1.0099999904632568,10368305,1.0099999904632568,2018-07-26
1532732400,1.0299999713897705,0.9975000023841858,1.0099999904632568,1.0299999713897705,4564192,1.0299999713897705,2018-07-27
1532818800,1.0399999618530273,1.0,1.0299999713897705,1.0099999904632568,2826387,1.0099999904632568,2018-07-28
1532905200,1.0199999809265137,0.9508000016212463,1.0099999904632568,0.9750999808311462,5709301,0.9750999808311462,2018-07-29
1532991600,0.9866999983787537,0.9305999875068665,0.9750999808311462,0.9478999972343445,6150287,0.9478999972343445,2018-07-30
1533078000,0.9502999782562256,0.9010000228881836,0.9478999972343445,0.9265999794006348,5458769,0.9265999794006348,2018-07-31
1533164400,0.9373000264167786,0.8734999895095825,0.9265999794006348,0.8849999904632568,6119607,0.8849999904632568,2018-08-01
1533250800,0.9675999879837036,0.7735000252723694,0.8849999904632568,0.9599999785423279,33280456,0.9599999785423279,2018-08-02
1533337200,0.9789000153541565,0.8334000110626221,0.9599999785423279,0.8489999771118164,16076022,0.8489999771118164,2018-08-03
1533423600,1.0299999713897705,0.8456000089645386,0.8489999771118164,0.9107999801635742,21356157,0.9107999801635742,2018-08-04
1533510000,0.9290000200271606,0.7501000165939331,0.9107999801635742,0.7809000015258789,25633216,0.7809000015258789,2018-08-05
1533596400,0.8029999732971191,0.6771000027656555,0.7809000015258789,0.7197999954223633,43253511,0.7197999954223633,2018-08-06
1533682800,0.7211999893188477,0.5946999788284302,0.7197999954223633,0.6150000095367432,26098913,0.6150000095367432,2018-08-07
1533769200,0.673799991607666,0.5958999991416931,0.6150000095367432,0.6383000016212463,13782460,0.6383000016212463,2018-08-08
1533855600,0.6467999815940857,0.5430999994277954,0.6383000016212463,0.5723000168800354,16681963,0.5723000168800354,2018-08-09
1533942000,0.5742999911308289,0.5011000037193298,0.5723000168800354,0.51910001039505,12426806,0.51910001039505,2018-08-10
1534028400,0.552299976348877,0.5145000219345093,0.51910001039505,0.5403000116348267,6252844,0.5403000116348267,2018-08-11
1534114800,0.550000011920929,0.4530999958515167,0.5403000116348267,0.4562000036239624,10133376,0.4562000036239624,2018-08-12
1534201200,0.4609000086784363,0.40369999408721924,0.4562000036239624,0.448199987411499,14221948,0.448199987411499,2018-08-13
1534287600,0.4941999912261963,0.43630000948905945,0.448199987411499,0.4429999887943268,13680950,0.4429999887943268,2018-08-14
1534374000,0.4790000021457672,0.43160000443458557,0.4429999887943268,0.4648999869823456,8660438,0.4648999869823456,2018-08-15
1534460400,0.5746999979019165,0.462799996137619,0.4648999869823456,0.5637000203132629,15817131,0.5637000203132629,2018-08-16
1534546800,0.574999988079071,0.4650000035762787,0.5637000203132629,0.49709999561309814,11848705,0.49709999561309814,2018-08-17
1534633200,0.5690000057220459,0.48100000619888306,0.49709999561309814,0.5376999974250793,13290424,0.5376999974250793,2018-08-18
1534719600,0.5455999970436096,0.4862000048160553,0.5376999974250793,0.4945000112056732,9955757,0.4945000112056732,2018-08-19
1534806000,0.5393999814987183,0.4945000112056732,0.4945000112056732,0.5189999938011169,7075083,0.5189999938011169,2018-08-20
1534892400,0.5649999976158142,0.4569999873638153,0.5189999938011169,0.47749999165534973,13619682,0.47749999165534973,2018-08-21
1534978800,0.5148000121116638,0.47530001401901245,0.47749999165534973,0.507099986076355,6979221,0.507099986076355,2018-08-22
1535065200,0.5289999842643738,0.49239999055862427,0.507099986076355,0.5236999988555908,4611981,0.5236999988555908,2018-08-23
1535151600,0.5472000241279602,0.5192999839782715,0.5236999988555908,0.5383999943733215,5307616,0.5383999943733215,2018-08-24
1535238000,0.5799999833106995,0.5170999765396118,0.5383999943733215,0.5637999773025513,6150703,0.5637999773025513,2018-08-25
1535324400,0.6969000101089478,0.5582000017166138,0.5637999773025513,0.6726999878883362,24898695,0.6726999878883362,2018-08-26
1535410800,0.7990000247955322,0.6539999842643738,0.6726999878883362,0.7689999938011169,46872811,0.7689999938011169,2018-08-27
1535497200,0.8151999711990356,0.708299994468689,0.7689999938011169,0.7275999784469604,31756828,0.7275999784469604,2018-08-28
1535583600,0.7297999858856201,0.656000018119812,0.7275999784469604,0.7174999713897705,24194878,0.7174999713897705,2018-08-29
1535670000,0.7382000088691711,0.6933000087738037,0.7174999713897705,0.7099000215530396,12266766,0.7099000215530396,2018-08-30
1535756400,0.7602999806404114,0.7062000036239624,0.7099000215530396,0.7407000064849854,12278911,0.7407000064849854,2018-08-31
1535842800,0.7439000010490417,0.6992999911308289,0.7407000064849854,0.718500018119812,9527588,0.718500018119812,2018-09-01
1535929200,0.7311000227928162,0.6759999990463257,0.718500018119812,0.6992999911308289,8637815,0.6992999911308289,2018-09-02
1536015600,0.7447999715805054,0.6881999969482422,0.6992999911308289,0.701200008392334,9743809,0.701200008392334,2018-09-03
1536102000,0.7167999744415283,0.5649999976158142,0.701200008392334,0.5794000029563904,20469573,0.5794000029563904,2018-09-04
1536188400,0.6068999767303467,0.5299999713897705,0.5794000029563904,0.6011000275611877,15627261,0.6011000275611877,2018-09-05
1536274800,0.6169999837875366,0.5511999726295471,0.6011000275611877,0.5630000233650208,9544911,0.5630000233650208,2018-09-06
1536361200,0.5910000205039978,0.515999972820282,0.5630000233650208,0.5299999713897705,7807654,0.5299999713897705,2018-09-07
1536447600,0.5849999785423279,0.5116999745368958,0.5299999713897705,0.5564000010490417,8618360,0.5564000010490417,2018-09-08
1536534000,0.5999000072479248,0.5529999732971191,0.5564000010490417,0.5745999813079834,7242666,0.5745999813079834,2018-09-09
1536620400,0.5830000042915344,0.5230000019073486,0.5745999813079834,0.5453000068664551,8384837,0.5453000068664551,2018-09-10
1536706800,0.557200014591217,0.5,0.5453000068664551,0.5486000180244446,9830516,0.5486000180244446,2018-09-11
1536793200,0.6067000031471252,0.5483999848365784,0.5486000180244446,0.5753999948501587,10728705,0.5753999948501587,2018-09-12
1536879600,0.6175000071525574,0.5515999794006348,0.5753999948501587,0.5709999799728394,9829846,0.5709999799728394,2018-09-13
1536966000,0.5918999910354614,0.5565000176429749,0.5709999799728394,0.569100022315979,4618306,0.569100022315979,2018-09-14
1537052400,0.5849000215530396,0.5536999702453613,0.569100022315979,0.578499972820282,4064577,0.578499972820282,2018-09-15
1537138800,0.5889999866485596,0.5257999897003174,0.578499972820282,0.5331000089645386,7937847,0.5331000089645386,2018-09-16
1537225200,0.5479999780654907,0.49639999866485596,0.5331000089645386,0.5333999991416931,13602543,0.5333999991416931,2018-09-17
1537311600,0.5439000129699707,0.5045999884605408,0.5333999991416931,0.5303999781608582,7805887,0.5303999781608582,2018-09-18
1537398000,0.5823000073432922,0.5235000252723694,0.5303999781608582,0.5658000111579895,6015098,0.5658000111579895,2018-09-19
1537484400,0.6345999836921692,0.5565999746322632,0.5658000111579895,0.6287000179290771,13881076,0.6287000179290771,2018-09-20
1537570800,0.6498000025749207,0.5733000040054321,0.6287000179290771,0.6080999970436096,9967889,0.6080999970436096,2018-09-21
1537657200,0.6340000033378601,0.5960999727249146,0.6080999970436096,0.6104000210762024,5252892,0.6104000210762024,2018-09-22
1537743600,0.6144999861717224,0.5311999917030334,0.6104000210762024,0.5597000122070312,18595596,0.5597000122070312,2018-09-23
1537830000,0.574400007724762,0.5254999995231628,0.5608000159263611,0.5698999762535095,9889643,0.5698999762535095,2018-09-24
1537916400,0.5781000256538391,0.5450999736785889,0.5698999762535095,0.5465999841690063,4596919,0.5465999841690063,2018-09-25
1538002800,0.5999000072479248,0.5325000286102295,0.5465999841690063,0.5853000283241272,8797991,0.5853000283241272,2018-09-26
1538089200,0.597000002861023,0.5568000078201294,0.5853000283241272,0.5733000040054321,6192237,0.5733000040054321,2018-09-27
1538175600,0.5746999979019165,0.5509999990463257,0.5733000040054321,0.5630999803543091,2768815,0.5630999803543091,2018-09-28
1538262000,0.5774000287055969,0.5565999746322632,0.5630999803543091,0.5680000185966492,3554790,0.5680000185966492,2018-09-29
1538348400,0.5846999883651733,0.5408999919891357,0.5680000185966492,0.5613999962806702,5349400,0.5613999962806702,2018-09-30
1538434800,0.5712000131607056,0.550000011920929,0.5613999962806702,0.5602999925613403,2903340,0.5602999925613403,2018-10-01
1538521200,0.5605999827384949,0.5419999957084656,0.5602999925613403,0.5540000200271606,3113696,0.5540000200271606,2018-10-02
1538607600,0.5781000256538391,0.551800012588501,0.5540000200271606,0.557200014591217,3800856,0.557200014591217,2018-10-03
1538694000,0.5899999737739563,0.5527999997138977,0.557200014591217,0.5764999985694885,3136076,0.5764999985694885,2018-10-04
1538780400,0.5813000202178955,0.5600000023841858,0.5764999985694885,0.5659999847412109,1947480,0.5659999847412109,2018-10-05
1538866800,0.5788000226020813,0.5580000281333923,0.5659999847412109,0.5756999850273132,1628281,0.5756999850273132,2018-10-06
1538953200,0.6100000143051147,0.5724999904632568,0.5756999850273132,0.6035000085830688,5817927,0.6035000085830688,2018-10-07
1539039600,0.6087999939918518,0.5849999785423279,0.6035000085830688,0.5928999781608582,4171108,0.5928999781608582,2018-10-08
1539126000,0.5968000292778015,0.5699999928474426,0.5928999781608582,0.5882999897003174,3910421,0.5882999897003174,2018-10-09
1539212400,0.5882999897003174,0.4706999957561493,0.5882999897003174,0.4812000095844269,16912519,0.4812000095844269,2018-10-10
1539298800,0.5120000243186951,0.4745999872684479,0.4812000095844269,0.49050000309944153,3243486,0.49050000309944153,2018-10-11
1539385200,0.5099999904632568,0.48919999599456787,0.49050000309944153,0.4950999915599823,1737885,0.4950999915599823,2018-10-12
1539471600,0.5098999738693237,0.48590001463890076,0.4950999915599823,0.49000000953674316,1876576,0.49000000953674316,2018-10-13
1539558000,0.5600000023841858,0.48170000314712524,0.49000000953674316,0.5134000182151794,11311022,0.5134000182151794,2018-10-14
1539644400,0.5196999907493591,0.5051000118255615,0.5134000182151794,0.5144000053405762,1565457,0.5144000053405762,2018-10-15
1539730800,0.5318999886512756,0.5094000101089478,0.5144000053405762,0.5238999724388123,2291925,0.5238999724388123,2018-10-16
1539817200,0.5367000102996826,0.4975000023841858,0.5238999724388123,0.5020999908447266,3516075,0.5020999908447266,2018-10-17
1539903600,0.5065000057220459,0.4903999865055084,0.5020999908447266,0.49470001459121704,1829349,0.49470001459121704,2018-10-18
1539990000,0.513700008392334,0.49470001459121704,0.49470001459121704,0.5045999884605408,2012361,0.5045999884605408,2018-10-19
1540076400,0.5139999985694885,0.5005000233650208,0.5045999884605408,0.5005000233650208,1275506,0.5005000233650208,2018-10-20
1540162800,0.5080999732017517,0.49149999022483826,0.5005000233650208,0.4975999891757965,1395291,0.4975999891757965,2018-10-21
1540249200,0.5070000290870667,0.49140000343322754,0.4975999891757965,0.4997999966144562,1749070,0.4997999966144562,2018-10-22
1540335600,0.5062999725341797,0.4957999885082245,0.4997999966144562,0.4970000088214874,1112501,0.4970000088214874,2018-10-23
1540422000,0.504800021648407,0.49219998717308044,0.4970000088214874,0.49900001287460327,1755042,0.49900001287460327,2018-10-24
1540508400,0.5033000111579895,0.4927000105381012,0.49900001287460327,0.4952000081539154,1611161,0.4952000081539154,2018-10-25
1540594800,0.4966000020503998,0.4754999876022339,0.4952000081539154,0.48069998621940613,1598540,0.48069998621940613,2018-10-26
1540681200,0.4830999970436096,0.47510001063346863,0.48069998621940613,0.4819999933242798,1180700,0.4819999933242798,2018-10-27
1540771200,0.4830999970436096,0.4449999928474426,0.4819999933242798,0.4496000111103058,3246964,0.4496000111103058,2018-10-29
1540857600,0.4625000059604645,0.44920000433921814,0.4496000111103058,0.45249998569488525,1345293,0.45249998569488525,2018-10-30
1540944000,0.47380000352859497,0.43810001015663147,0.45249998569488525,0.4684999883174896,2659692,0.4684999883174896,2018-10-31
1541030400,0.4814999997615814,0.4625000059604645,0.4684999883174896,0.4763000011444092,1892416,0.4763000011444092,2018-11-01
1541116800,0.4934000074863434,0.4715000092983246,0.4763000011444092,0.4871000051498413,3241037,0.4871000051498413,2018-11-02
1541203200,0.4876999855041504,0.4733999967575073,0.4871000051498413,0.48069998621940613,1143239,0.48069998621940613,2018-11-03
1541289600,0.5157999992370605,0.4699999988079071,0.48069998621940613,0.5022000074386597,4624525,0.5022000074386597,2018-11-04
1541376000,0.510699987411499,0.49390000104904175,0.5022000074386597,0.5074999928474426,1572284,0.5074999928474426,2018-11-05
1541462400,0.5223000049591064,0.499099999666214,0.5074999928474426,0.5187000036239624,3286336,0.5187000036239624,2018-11-06
1541548800,0.5257999897003174,0.49540001153945923,0.5187000036239624,0.5065000057220459,3875822,0.5065000057220459,2018-11-07
1541635200,0.5112000107765198,0.47699999809265137,0.5065000057220459,0.4851999878883362,4690702,0.4851999878883362,2018-11-08
1541721600,0.5040000081062317,0.4724999964237213,0.4851999878883362,0.4790000021457672,3174167,0.4790000021457672,2018-11-09
1541808000,0.5,0.47450000047683716,0.4790000021457672,0.4851999878883362,2045994,0.4851999878883362,2018-11-10
1541894400,0.48829999566078186,0.4781000018119812,0.4851999878883362,0.48579999804496765,900918,0.48579999804496765,2018-11-11
1541980800,0.5087000131607056,0.4846999943256378,0.48579999804496765,0.49939998984336853,2758279,0.49939998984336853,2018-11-12
1542067200,0.5099999904632568,0.4936999976634979,0.49939998984336853,0.5,2937192,0.5,2018-11-13
1542153600,0.5095000267028809,0.35019999742507935,0.5,0.44040000438690186,15027525,0.44040000438690186,2018-11-14
1542240000,0.44600000977516174,0.38989999890327454,0.44040000438690186,0.42739999294281006,8229138,0.42739999294281006,2018-11-15
1542326400,0.42989999055862427,0.40720000863075256,0.42739999294281006,0.41499999165534973,2061512,0.41499999165534973,2018-11-16
1542412800,0.42500001192092896,0.4000000059604645,0.41499999165534973,0.41200000047683716,1616174,0.41200000047683716,2018-11-17
1542499200,0.42320001125335693,0.4099999964237213,0.41200000047683716,0.4120999872684479,1471949,0.4120999872684479,2018-11-18
1542585600,0.4120999872684479,0.34200000762939453,0.4120999872684479,0.35519999265670776,7547807,0.35519999265670776,2018-11-19
1542672000,0.36820000410079956,0.2800000011920929,0.35519999265670776,0.3046000003814697,12276243,0.3046000003814697,2018-11-20
1542758400,0.33739998936653137,0.296999990940094,0.3046000003814697,0.33230000734329224,4629332,0.33230000734329224,2018-11-21
1542844800,0.3400000035762787,0.30140000581741333,0.33230000734329224,0.30399999022483826,3169417,0.30399999022483826,2018-11-22
1542931200,0.3249000012874603,0.29010000824928284,0.30399999022483826,0.3206999897956848,4218892,0.3206999897956848,2018-11-23
1543017600,0.3325999975204468,0.2619999945163727,0.3206999897956848,0.28200000524520874,5008564,0.28200000524520874,2018-11-24
1543104000,0.29760000109672546,0.25110000371932983,0.28200000524520874,0.29010000824928284,7354417,0.29010000824928284,2018-11-25
1543190400,0.3005000054836273,0.25699999928474426,0.29010000824928284,0.27559998631477356,5690072,0.27559998631477356,2018-11-26
1543276800,0.2797999978065491,0.257999986410141,0.27559998631477356,0.27320000529289246,2967649,0.27320000529289246,2018-11-27
1543363200,0.3149999976158142,0.2727000117301941,0.27320000529289246,0.3018999993801117,5395154,0.3018999993801117,2018-11-28
1543449600,0.31619998812675476,0.28999999165534973,0.3018999993801117,0.3086000084877014,3920752,0.3086000084877014,2018-11-29
1543536000,0.31029999256134033,0.27709999680519104,0.3086000084877014,0.28780001401901245,3540632,0.28780001401901245,2018-11-30
1543622400,0.30489999055862427,0.28139999508857727,0.28780001401901245,0.30000001192092896,1993308,0.30000001192092896,2018-12-01
1543708800,0.3163999915122986,0.2888000011444092,0.30000001192092896,0.2937999963760376,2411069,0.2937999963760376,2018-12-02
1543795200,0.2971999943256378,0.26499998569488525,0.2937999963760376,0.2720000147819519,3017028,0.2720000147819519,2018-12-03
1543881600,0.2906999886035919,0.26100000739097595,0.2720000147819519,0.27790001034736633,2215199,0.27790001034736633,2018-12-04
1543968000,0.2793000042438507,0.25220000743865967,0.27790001034736633,0.2565000057220459,2202662,0.2565000057220459,2018-12-05
1544054400,0.2662999927997589,0.22499999403953552,0.2565000057220459,0.2304999977350235,3351803,0.2304999977350235,2018-12-06
1544140800,0.2556000053882599,0.20509999990463257,0.2304999977350235,0.2353000044822693,5196399,0.2353000044822693,2018-12-07
1544227200,0.24379999935626984,0.2159000039100647,0.2353000044822693,0.22769999504089355,2191070,0.22769999504089355,2018-12-08
1544313600,0.2506999969482422,0.2249000072479248,0.22769999504089355,0.23849999904632568,2145369,0.23849999904632568,2018-12-09
1544400000,0.2425999939441681,0.22779999673366547,0.23849999904632568,0.2337999939918518,1306932,0.2337999939918518,2018-12-10
1544486400,0.23510000109672546,0.2199999988079071,0.2337999939918518,0.2248000055551529,1293070,0.2248000055551529,2018-12-11
1544572800,0.23899999260902405,0.2240000069141388,0.2248000055551529,0.2345000058412552,1136909,0.2345000058412552,2018-12-12
1544659200,0.23489999771118164,0.21400000154972076,0.2345000058412552,0.22120000422000885,1551595,0.22120000422000885,2018-12-13
1544745600,0.2240000069141388,0.20909999310970306,0.22120000422000885,0.21469999849796295,1514222,0.21469999849796295,2018-12-14
1544832000,0.22589999437332153,0.20749999582767487,0.21469999849796295,0.22300000488758087,2017800,0.22300000488758087,2018-12-15
1544918400,0.23759999871253967,0.22110000252723694,0.22300000488758087,0.22519999742507935,1528419,0.22519999742507935,2018-12-16
1545004800,0.2678000032901764,0.22460000216960907,0.22519999742507935,0.25999999046325684,3793403,0.25999999046325684,2018-12-17
1545091200,0.2969000041484833,0.2524000108242035,0.25999999046325684,0.2953999936580658,4079767,0.2953999936580658,2018-12-18
1545177600,0.31630000472068787,0.2838999927043915,0.2953999936580658,0.2842999994754791,6780664,0.2842999994754791,2018-12-19
1545264000,0.3628000020980835,0.2827000021934509,0.2842999994754791,0.35350000858306885,9449544,0.35350000858306885,2018-12-20
1545350400,0.3617999851703644,0.3230000138282776,0.35350000858306885,0.3305000066757202,7153555,0.3305000066757202,2018-12-21
1545436800,0.3549000024795532,0.33000001311302185,0.3305000066757202,0.35179999470710754,3411374,0.35179999470710754,2018-12-22
1545523200,0.3937999904155731,0.3481000065803528,0.35179999470710754,0.36899998784065247,7245544,0.36899998784065247,2018-12-23
1545609600,0.3991999924182892,0.35499998927116394,0.36899998784065247,0.36169999837875366,6123535,0.36169999837875366,2018-12-24
1545696000,0.3628999888896942,0.32010000944137573,0.36169999837875366,0.3384000062942505,5141880,0.3384000062942505,2018-12-25
1545782400,0.3546000123023987,0.323199987411499,0.3384000062942505,0.3375999927520752,3193898,0.3375999927520752,2018-12-26
1545868800,0.3472999930381775,0.31679999828338623,0.3375999927520752,0.3215999901294708,2899143,0.3215999901294708,2018-12-27
1545955200,0.375900000333786,0.3179999887943268,0.3215999901294708,0.3725999891757965,5330353,0.3725999891757965,2018-12-28
1546041600,0.38199999928474426,0.35350000858306885,0.3725999891757965,0.359499990940094,3194687,0.359499990940094,2018-12-29
1546128000,0.3695000112056732,0.35109999775886536,0.359499990940094,0.3668999969959259,2024424,0.3668999969959259,2018-12-30
1546214400,0.37790000438690186,0.3513000011444092,0.3668999969959259,0.36059999465942383,2636029,0.36059999465942383,2018-12-31
1546300800,0.376800000667572,0.3555000126361847,0.36059999465942383,0.37529999017715454,1765680,0.37529999017715454,2019-01-01
1546387200,0.4081000089645386,0.3709000051021576,0.37529999017715454,0.40130001306533813,4138850,0.40130001306533813,2019-01-02
1546473600,0.40540000796318054,0.3831000030040741,0.40130001306533813,0.38659998774528503,2325734,0.38659998774528503,2019-01-03
1546560000,0.397599995136261,0.3698999881744385,0.38659998774528503,0.3828999996185303,2758729,0.3828999996185303,2019-01-04
1546646400,0.3919000029563904,0.37380000948905945,0.3828999996185303,0.37389999628067017,1607517,0.37389999628067017,2019-01-05
1546732800,0.3950999975204468,0.36010000109672546,0.37389999628067017,0.3880000114440918,3499971,0.3880000114440918,2019-01-06
1546819200,0.3912000060081482,0.3702999949455261,0.3880000114440918,0.37599998712539673,1276357,0.37599998712539673,2019-01-07
1546905600,0.383899986743927,0.3625999987125397,0.37599998712539673,0.36820000410079956,1988609,0.36820000410079956,2019-01-08
1546992000,0.3806999921798706,0.36719998717308044,0.36820000410079956,0.3734999895095825,1168594,0.3734999895095825,2019-01-09
1547078400,0.3790999948978424,0.2939999997615814,0.3734999895095825,0.31380000710487366,5826782,0.31380000710487366,2019-01-10
1547164800,0.32440000772476196,0.30979999899864197,0.31380000710487366,0.3158000111579895,1628468,0.3158000111579895,2019-01-11
1547251200,0.31850001215934753,0.30239999294281006,0.3158000111579895,0.3138999938964844,1202668,0.3138999938964844,2019-01-12
1547337600,0.3156999945640564,0.2849999964237213,0.3138999938964844,0.28780001401901245,1898615,0.28780001401901245,2019-01-13
1547424000,0.3151000142097473,0.2720000147819519,0.28780001401901245,0.3095000088214874,2992775,0.3095000088214874,2019-01-14
1547510400,0.31380000710487366,0.2849000096321106,0.3095000088214874,0.3003999888896942,2443706,0.3003999888896942,2019-01-15
1547596800,0.31290000677108765,0.29260000586509705,0.3003999888896942,0.29910001158714294,2285454,0.29910001158714294,2019-01-16
1547683200,0.3276999890804291,0.2912999987602234,0.29910001158714294,0.3131999969482422,2463556,0.3131999969482422,2019-01-17
1547769600,0.3176000118255615,0.3061000108718872,0.3131999969482422,0.3084999918937683,1446450,0.3084999918937683,2019-01-18
1547856000,0.33250001072883606,0.3066999912261963,0.3084999918937683,0.3167000114917755,2127377,0.3167000114917755,2019-01-19
1547942400,0.320499986410141,0.29120001196861267,0.3167000114917755,0.2971999943256378,2066145,0.2971999943256378,2019-01-20
1548028800,0.31940001249313354,0.2971999943256378,0.2971999943256378,0.3034000098705292,1339926,0.3034000098705292,2019-01-21
1548115200,0.314300000667572,0.28839999437332153,0.3034000098705292,0.3082999885082245,2109177,0.3082999885082245,2019-01-22
1548201600,0.3100999891757965,0.29170000553131104,0.3082999885082245,0.29809999465942383,1351760,0.29809999465942383,2019-01-23
1548288000,0.3018999993801117,0.29089999198913574,0.29809999465942383,0.2962000072002411,1308104,0.2962000072002411,2019-01-24
1548374400,0.2971000075340271,0.2854999899864197,0.2962000072002411,0.288100004196167,1293698,0.288100004196167,2019-01-25
1548460800,0.2939999997615814,0.28299999237060547,0.288100004196167,0.2838999927043915,1222223,0.2838999927043915,2019-01-26
1548547200,0.2865000069141388,0.26669999957084656,0.2838999927043915,0.27250000834465027,2145820,0.27250000834465027,2019-01-27
1548633600,0.2736999988555908,0.24740000069141388,0.27250000834465027,0.2581000030040741,3284795,0.2581000030040741,2019-01-28
1548720000,0.262800008058548,0.2498999983072281,0.2581000030040741,0.2554999887943268,1568755,0.2554999887943268,2019-01-29
1548806400,0.26919999718666077,0.25429999828338623,0.2554999887943268,0.26589998602867126,1484773,0.26589998602867126,2019-01-30
1548892800,0.27799999713897705,0.25450000166893005,0.26589998602867126,0.25999999046325684,1863780,0.25999999046325684,2019-01-31
1548979200,0.2621999979019165,0.24639999866485596,0.25999999046325684,0.260699987411499,1740241,0.260699987411499,2019-02-01
1549065600,0.2689000070095062,0.2508000135421753,0.260699987411499,0.26660001277923584,1495567,0.26660001277923584,2019-02-02
1549152000,0.26820001006126404,0.2513999938964844,0.26660001277923584,0.2547000050544739,1045619,0.2547000050544739,2019-02-03
1549238400,0.26190000772476196,0.25200000405311584,0.2547000050544739,0.2572000026702881,1174089,0.2572000026702881,2019-02-04
1549324800,0.259799987077713,0.25440001487731934,0.2572000026702881,0.25619998574256897,664103,0.25619998574256897,2019-02-05
1549411200,0.2581999897956848,0.24089999496936798,0.25619998574256897,0.24490000307559967,1923537,0.24490000307559967,2019-02-06
1549497600,0.2614000141620636,0.24480000138282776,0.24490000307559967,0.25699999928474426,1852746,0.25699999928474426,2019-02-07
1549584000,0.2897999882698059,0.2535000145435333,0.25699999928474426,0.28279998898506165,3871874,0.28279998898506165,2019-02-08
1549670400,0.28690001368522644,0.27489998936653137,0.28279998898506165,0.2809000015258789,1361263,0.2809000015258789,2019-02-09
1549756800,0.2939000129699707,0.2759999930858612,0.2809000015258789,0.28700000047683716,2020305,0.28700000047683716,2019-02-10
1549843200,0.2870999872684479,0.2703999876976013,0.28700000047683716,0.27059999108314514,1709408,0.27059999108314514,2019-02-11
1549929600,0.28110000491142273,0.2662000060081482,0.27059999108314514,0.27709999680519104,1369684,0.27709999680519104,2019-02-12
1550016000,0.28110000491142273,0.2694000005722046,0.27709999680519104,0.27399998903274536,918763,0.27399998903274536,2019-02-13
1550102400,0.27459999918937683,0.2662000060081482,0.27399998903274536,0.2694000005722046,1061244,0.2694000005722046,2019-02-14
1550188800,0.2825999855995178,0.2678000032901764,0.2694000005722046,0.27549999952316284,1399724,0.27549999952316284,2019-02-15
1550275200,0.2809999883174896,0.2712000012397766,0.27549999952316284,0.27709999680519104,812222,0.27709999680519104,2019-02-16
1550361600,0.29109999537467957,0.27459999918937683,0.27709999680519104,0.28139999508857727,1786509,0.28139999508857727,2019-02-17
1550448000,0.31380000710487366,0.2777000069618225,0.28139999508857727,0.3098999857902527,4164550,0.3098999857902527,2019-02-18
1550534400,0.323199987411499,0.29589998722076416,0.3098999857902527,0.3100000023841858,4201851,0.3100000023841858,2019-02-19
1550620800,0.3188999891281128,0.30219998955726624,0.3100000023841858,0.3174999952316284,1498533,0.3174999952316284,2019-02-20
1550707200,0.3176000118255615,0.2985000014305115,0.3174999952316284,0.30230000615119934,1624468,0.30230000615119934,2019-02-21
1550793600,0.3102000057697296,0.2994000017642975,0.30230000615119934,0.30309998989105225,1542054,0.30309998989105225,2019-02-22
1550880000,0.32600000500679016,0.298799991607666,0.30309998989105225,0.3239000141620636,2753665,0.3239000141620636,2019-02-23
1550966400,0.33169999718666077,0.2605000138282776,0.3239000141620636,0.28519999980926514,4359290,0.28519999980926514,2019-02-24
1551052800,0.2962000072002411,0.2799000144004822,0.28519999980926514,0.29100000858306885,1688630,0.29100000858306885,2019-02-25
1551139200,0.2928999960422516,0.28540000319480896,0.29100000858306885,0.287200003862381,1130180,0.287200003862381,2019-02-26
1551225600,0.29260000586509705,0.2800000011920929,0.287200003862381,0.2888999879360199,1296969,0.2888999879360199,2019-02-27
1551312000,0.29280000925064087,0.28610000014305115,0.2888999879360199,0.28859999775886536,1008218,0.28859999775886536,2019-02-28
1551398400,0.3100000023841858,0.28850001096725464,0.28859999775886536,0.30000001192092896,1760480,0.30000001192092896,2019-03-01
1551484800,0.30140000581741333,0.2888999879360199,0.30000001192092896,0.29750001430511475,971689,0.29750001430511475,2019-03-02
1551571200,0.29989999532699585,0.27129998803138733,0.29750001430511475,0.2879999876022339,1362567,0.2879999876022339,2019-03-03
1551657600,0.2896000146865845,0.2689000070095062,0.2879999876022339,0.2777000069618225,1564526,0.2777000069618225,2019-03-04
1551744000,0.29089999198913574,0.27489998936653137,0.2777000069618225,0.2858999967575073,1705231,0.2858999967575073,2019-03-05
1551830400,0.28790000081062317,0.2728999853134155,0.2858999967575073,0.2865000069141388,1272250,0.2865000069141388,2019-03-06
1551916800,0.2897999882698059,0.2770000100135803,0.2865000069141388,0.28450000286102295,1155932,0.28450000286102295,2019-03-07
1552003200,0.28790000081062317,0.2662999927997589,0.28450000286102295,0.2800000011920929,1962614,0.2800000011920929,2019-03-08
1552089600,0.2953000068664551,0.27790001034736633,0.2800000011920929,0.28610000014305115,2369022,0.28610000014305115,2019-03-09
1552176000,0.28769999742507935,0.2824999988079071,0.28610000014305115,0.2856000065803528,719948,0.2856000065803528,2019-03-10
1552262400,0.29030001163482666,0.2754000127315521,0.2856000065803528,0.28290000557899475,1570503,0.28290000557899475,2019-03-11
1552348800,0.2888999879360199,0.2766999900341034,0.28290000557899475,0.2874999940395355,1246523,0.2874999940395355,2019-03-12
1552435200,0.29750001430511475,0.2854999899864197,0.2874999940395355,0.2913999855518341,1472960,0.2913999855518341,2019-03-13
1552521600,0.3066999912261963,0.2849000096321106,0.2913999855518341,0.3018999993801117,1896714,0.3018999993801117,2019-03-14
1552608000,0.3057999908924103,0.29980000853538513,0.3018999993801117,0.303600013256073,1128867,0.303600013256073,2019-03-15
1552694400,0.3158000111579895,0.30160000920295715,0.303600013256073,0.3091999888420105,1408331,0.3091999888420105,2019-03-16
1552780800,0.3095000088214874,0.29820001125335693,0.3091999888420105,0.30000001192092896,1285231,0.30000001192092896,2019-03-17
1552867200,0.3043999969959259,0.2930000126361847,0.30000001192092896,0.2980000078678131,1147100,0.2980000078678131,2019-03-18
1552953600,0.3010999858379364,0.2939999997615814,0.2980000078678131,0.2992999851703644,966195,0.2992999851703644,2019-03-19
1553040000,0.30660000443458557,0.2939999997615814,0.2992999851703644,0.3034999966621399,1540877,0.3034999966621399,2019-03-20
1553126400,0.3181000053882599,0.28700000047683716,0.3034999966621399,0.31779998540878296,3528958,0.31779998540878296,2019-03-21
1553212800,0.32510000467300415,0.30959999561309814,0.31779998540878296,0.31310001015663147,2738982,0.31310001015663147,2019-03-22
1553299200,0.32350000739097595,0.3116999864578247,0.31310001015663147,0.31459999084472656,1908370,0.31459999084472656,2019-03-23
1553385600,0.31459999084472656,0.3073999881744385,0.31459999084472656,0.30979999899864197,1486519,0.30979999899864197,2019-03-24
1553472000,0.30979999899864197,0.2948000133037567,0.30979999899864197,0.2994999885559082,1782187,0.2994999885559082,2019-03-25
1553558400,0.29989999532699585,0.29010000824928284,0.2994999885559082,0.2971999943256378,1251385,0.2971999943256378,2019-03-26
1553644800,0.3098999857902527,0.2953000068664551,0.2971999943256378,0.3091999888420105,1676064,0.3091999888420105,2019-03-27
1553731200,0.3116999864578247,0.3025999963283539,0.3091999888420105,0.30709999799728394,1647896,0.30709999799728394,2019-03-28
1553817600,0.313400000333786,0.3021000027656555,0.30709999799728394,0.3122999966144562,1330662,0.3122999966144562,2019-03-29
1553904000,0.31630000472068787,0.3046000003814697,0.3122999966144562,0.3111000061035156,1297037,0.3111000061035156,2019-03-30
1553990400,0.31209999322891235,0.3052999973297119,0.3111000061035156,0.31040000915527344,997072,0.31040000915527344,2019-03-31
1554073200,0.33070001006126404,0.30809998512268066,0.31040000915527344,0.32420000433921814,3420759,0.32420000433921814,2019-03-31
1554159600,0.3580999970436096,0.32420000433921814,0.32420000433921814,0.3555000126361847,5612717,0.3555000126361847,2019-04-01
1554246000,0.3846000134944916,0.32710000872612,0.3555000126361847,0.33880001306533813,9877039,0.33880001306533813,2019-04-02
1554332400,0.3544999957084656,0.3276999890804291,0.33880001306533813,0.33399999141693115,4283435,0.33399999141693115,2019-04-03
1554418800,0.3562000095844269,0.33230000734329224,0.33399999141693115,0.3562000095844269,2522309,0.3562000095844269,2019-04-04
1554505200,0.3589000105857849,0.3407000005245209,0.3562000095844269,0.3476000130176544,1593015,0.3476000130176544,2019-04-05
1554591600,0.3691999912261963,0.34610000252723694,0.3476000130176544,0.36169999837875366,3023606,0.36169999837875366,2019-04-06
1554678000,0.3637999892234802,0.34139999747276306,0.36169999837875366,0.3571999967098236,2613313,0.3571999967098236,2019-04-07
1554764400,0.35740000009536743,0.34139999747276306,0.3571999967098236,0.34769999980926514,1626960,0.34769999980926514,2019-04-08
1554850800,0.3650999963283539,0.3310999870300293,0.34769999980926514,0.34610000252723694,3194405,0.34610000252723694,2019-04-09
1554937200,0.3474000096321106,0.31060001254081726,0.34610000252723694,0.32260000705718994,3624916,0.32260000705718994,2019-04-10
1555023600,0.32670000195503235,0.3107999861240387,0.32260000705718994,0.32190001010894775,1326649,0.32190001010894775,2019-04-11
1555110000,0.3260999917984009,0.31610000133514404,0.32190001010894775,0.319599986076355,952138,0.319599986076355,2019-04-12
1555196400,0.32109999656677246,0.2944999933242798,0.319599986076355,0.3181000053882599,2742404,0.3181000053882599,2019-04-13
1555282800,0.31839999556541443,0.2985999882221222,0.3181000053882599,0.3021000027656555,2120000,0.3021000027656555,2019-04-14
1555369200,0.314300000667572,0.30079999566078186,0.3021000027656555,0.3109000027179718,1629803,0.3109000027179718,2019-04-15
1555455600,0.3122999966144562,0.29980000853538513,0.3109000027179718,0.30790001153945923,2473373,0.30790001153945923,2019-04-16
1555542000,0.31679999828338623,0.30640000104904175,0.30790001153945923,0.3082999885082245,2236873,0.3082999885082245,2019-04-17
1555628400,0.31049999594688416,0.30329999327659607,0.3082999885082245,0.3084999918937683,1615227,0.3084999918937683,2019-04-18
1555714800,0.3138999938964844,0.30709999799728394,0.3084999918937683,0.310699999332428,1549066,0.310699999332428,2019-04-19
1555801200,0.3140000104904175,0.29580000042915344,0.310699999332428,0.30399999022483826,2510156,0.30399999022483826,2019-04-20
1555887600,0.31060001254081726,0.29980000853538513,0.30399999022483826,0.3066999912261963,1507592,0.3066999912261963,2019-04-21
1555974000,0.30959999561309814,0.29120001196861267,0.3066999912261963,0.29440000653266907,3084560,0.29440000653266907,2019-04-22
1556060400,0.29589998722076416,0.2736999988555908,0.29440000653266907,0.28220000863075256,2780838,0.28220000863075256,2019-04-23
1556146800,0.2851000130176544,0.2558000087738037,0.28220000863075256,0.2623000144958496,3043430,0.2623000144958496,2019-04-24
1556233200,0.27480000257492065,0.23659999668598175,0.2623000144958496,0.2732999920845032,3805946,0.2732999920845032,2019-04-25
1556319600,0.2734000086784363,0.26159998774528503,0.2732999920845032,0.26649999618530273,1452272,0.26649999618530273,2019-04-26
1556406000,0.28139999508857727,0.25450000166893005,0.2660999894142151,0.2750999927520752,2184793,0.2750999927520752,2019-04-27
1556492400,0.3264000117778778,0.2750999927520752,0.2750999927520752,0.31779998540878296,11104705,0.31779998540878296,2019-04-28
1556578800,0.32190001010894775,0.29809999465942383,0.31779998540878296,0.31360000371932983,3888161,0.31360000371932983,2019-04-29
1556665200,0.31459999084472656,0.2969000041484833,0.31360000371932983,0.3050999939441681,1922731,0.3050999939441681,2019-04-30
1556751600,0.3073999881744385,0.2912999987602234,0.3050999939441681,0.29760000109672546,1729112,0.29760000109672546,2019-05-01
1556838000,0.3052999973297119,0.2924000024795532,0.29760000109672546,0.29820001125335693,2730070,0.29820001125335693,2019-05-02
1556924400,0.301800012588501,0.28119999170303345,0.29820001125335693,0.28929999470710754,2143011,0.28929999470710754,2019-05-03
1557010800,0.29280000925064087,0.2809000015258789,0.28929999470710754,0.2867000102996826,1588766,0.2867000102996826,2019-05-04
1557097200,0.29739999771118164,0.2705000042915344,0.2867000102996826,0.2913999855518341,2651974,0.2913999855518341,2019-05-05
1557183600,0.2971999943256378,0.274399995803833,0.2913999855518341,0.2752000093460083,1854694,0.2752000093460083,2019-05-06
1557270000,0.29429998993873596,0.27000001072883606,0.2752000093460083,0.2870999872684479,1792243,0.2870999872684479,2019-05-07
1557356400,0.28839999437332153,0.2736999988555908,0.2870999872684479,0.27570000290870667,1223921,0.27570000290870667,2019-05-08
1557442800,0.28600001335144043,0.27250000834465027,0.27570000290870667,0.2800000011920929,1249135,0.2800000011920929,2019-05-09
1557529200,0.3197999894618988,0.2768999934196472,0.2800000011920929,0.31459999084472656,4265182,0.31459999084472656,2019-05-10
1557615600,0.3181999921798706,0.2946000099182129,0.31459999084472656,0.30239999294281006,2550786,0.30239999294281006,2019-05-11
1557702000,0.351500004529953,0.30000001192092896,0.30239999294281006,0.336899995803833,5582681,0.336899995803833,2019-05-12
1557788400,0.3783000111579895,0.33489999175071716,0.336899995803833,0.374099999666214,7292133,0.374099999666214,2019-05-13
1557874800,0.43959999084472656,0.373199999332428,0.374099999666214,0.43720000982284546,10178177,0.43720000982284546,2019-05-14
1557961200,0.4643999934196472,0.40049999952316284,0.43720000982284546,0.4138000011444092,10812954,0.4138000011444092,2019-05-15
1558047600,0.4253999888896942,0.35760000348091125,0.4138000011444092,0.3962000012397766,6969553,0.3962000012397766,2019-05-16
1558134000,0.4018000066280365,0.37529999017715454,0.3962000012397766,0.3806999921798706,2416835,0.3806999921798706,2019-05-17
1558220400,0.428600013256073,0.3801000118255615,0.3806999921798706,0.4228000044822693,5017606,0.4228000044822693,2019-05-18
