date,high,low,open,close,volume,adjclose,formatted_date
1506553200,0.34700000286102295,0.19380000233650208,0.24969999492168427,0.24369999766349792,2828769,0.24369999766349792,2017-09-27
1506639600,0.3504999876022339,0.219200000166893,0.24240000545978546,0.3294000029563904,4662161,0.3294000029563904,2017-09-28
1506726000,0.5220000147819519,0.30970001220703125,0.3441999852657318,0.4560999870300293,13940499,0.4560999870300293,2017-09-29
1506812400,0.46230000257492065,0.3747999966144562,0.46059998869895935,0.43880000710487366,5545927,0.43880000710487366,2017-09-30
1506898800,0.44449999928474426,0.3578000068664551,0.43860000371932983,0.37459999322891235,3666597,0.37459999322891235,2017-10-01
1506985200,0.37790000438690186,0.2912999987602234,0.3671000003814697,0.3474999964237213,4009405,0.3474999964237213,2017-10-02
1507071600,0.4007999897003174,0.3163999915122986,0.33980000019073486,0.3928000032901764,4221838,0.3928000032901764,2017-10-03
1507158000,0.43209999799728394,0.3889000117778778,0.4023999869823456,0.40619999170303345,3468297,0.40619999170303345,2017-10-04
1507244400,0.4918000102043152,0.4066999852657318,0.41100001335144043,0.47870001196861267,7383594,0.47870001196861267,2017-10-05
1507330800,0.4878999888896942,0.4169999957084656,0.48570001125335693,0.4657999873161316,4278572,0.4657999873161316,2017-10-06
1507417200,0.4925000071525574,0.3458999991416931,0.48420000076293945,0.3971000015735626,4084286,0.3971000015735626,2017-10-07
1507503600,0.4629000127315521,0.34929999709129333,0.41130000352859497,0.3797999918460846,3947932,0.3797999918460846,2017-10-08
1507590000,0.4334999918937683,0.3483999967575073,0.37869998812675476,0.41339999437332153,4664253,0.41339999437332153,2017-10-09
1507676400,0.45320001244544983,0.41510000824928284,0.4187000095844269,0.44999998807907104,2880877,0.44999998807907104,2017-10-10
1507762800,0.535099983215332,0.4293000102043152,0.5067999958992004,0.445499986410141,4923627,0.445499986410141,2017-10-11
1507849200,0.4796999990940094,0.40230000019073486,0.46230000257492065,0.43549999594688416,4181579,0.43549999594688416,2017-10-12
1507935600,0.4715999960899353,0.3790999948978424,0.44999998807907104,0.392300009727478,2456040,0.392300009727478,2017-10-13
1508022000,0.42969998717308044,0.35850000381469727,0.3831000030040741,0.4101000130176544,2843776,0.4101000130176544,2017-10-14
1508108400,0.5471000075340271,0.3944999873638153,0.4203999936580658,0.41990000009536743,6469006,0.41990000009536743,2017-10-15
1508194800,0.4169999957084656,0.35839998722076416,0.4081000089645386,0.39899998903274536,3286722,0.39899998903274536,2017-10-16
1508281200,0.4025999903678894,0.33640000224113464,0.39719998836517334,0.36469998955726624,2394577,0.36469998955726624,2017-10-17
1508367600,0.3840999901294708,0.2913999855518341,0.3727000057697296,0.2973000109195709,2605071,0.2973000109195709,2017-10-18
1508454000,0.3440000116825104,0.2134999930858612,0.3127000033855438,0.22200000286102295,4400499,0.22200000286102295,2017-10-19
1508540400,0.2703000009059906,0.18960000574588776,0.2224999964237213,0.2522999942302704,2862407,0.2522999942302704,2017-10-20
1508626800,0.2919999957084656,0.24770000576972961,0.2529999911785126,0.2632000148296356,2412930,0.2632000148296356,2017-10-21
1508713200,0.2791999876499176,0.2287999987602234,0.259799987077713,0.24459999799728394,1468455,0.24459999799728394,2017-10-22
1508799600,0.2915000021457672,0.22139999270439148,0.22599999606609344,0.2535000145435333,2300470,0.2535000145435333,2017-10-23
1508886000,0.26499998569488525,0.24230000376701355,0.263700008392334,0.2524000108242035,1136217,0.2524000108242035,2017-10-24
1508972400,0.2621000111103058,0.22370000183582306,0.2590999901294708,0.2273000031709671,938984,0.2273000031709671,2017-10-25
1509058800,0.22859999537467957,0.2167000025510788,0.2224999964237213,0.22310000658035278,719232,0.22310000658035278,2017-10-26
1509145200,0.22200000286102295,0.19470000267028809,0.2215999960899353,0.20469999313354492,783295,0.20469999313354492,2017-10-27
1509231600,0.23360000550746918,0.1923000067472458,0.21979999542236328,0.1987999975681305,1296568,0.1987999975681305,2017-10-28
1509321600,0.21289999783039093,0.19539999961853027,0.1981000006198883,0.2087000012397766,718689,0.2087000012397766,2017-10-30
1509408000,0.23649999499320984,0.18440000712871552,0.2198999971151352,0.19009999930858612,1319631,0.19009999930858612,2017-10-31
1509494400,0.2020999938249588,0.1550000011920929,0.19859999418258667,0.1559000015258789,1925824,0.1559000015258789,2017-11-01
1509580800,0.1932000070810318,0.1264999955892563,0.16259999573230743,0.16040000319480896,1993469,0.16040000319480896,2017-11-02
1509667200,0.18799999356269836,0.15539999306201935,0.16339999437332153,0.16840000450611115,1365952,0.16840000450611115,2017-11-03
1509753600,0.18780000507831573,0.16580000519752502,0.17339999973773956,0.17560000717639923,870316,0.17560000717639923,2017-11-04
1509840000,0.1809999942779541,0.16699999570846558,0.1762000024318695,0.17309999465942383,569688,0.17309999465942383,2017-11-05
1509926400,0.1696999967098236,0.1454000025987625,0.163100004196167,0.16689999401569366,928222,0.16689999401569366,2017-11-06
1510012800,0.17759999632835388,0.1607999950647354,0.17030000686645508,0.17679999768733978,581138,0.17679999768733978,2017-11-07
1510099200,0.2913999855518341,0.17139999568462372,0.18539999425411224,0.21660000085830688,3280192,0.21660000085830688,2017-11-08
1510185600,0.2467000037431717,0.18960000574588776,0.20739999413490295,0.22550000250339508,2030260,0.22550000250339508,2017-11-09
1510272000,0.2087000012397766,0.17890000343322754,0.2084999978542328,0.186599999666214,1164456,0.186599999666214,2017-11-10
1510358400,0.18700000643730164,0.16169999539852142,0.18019999563694,0.17749999463558197,1139972,0.17749999463558197,2017-11-11
1510444800,0.1956000030040741,0.14949999749660492,0.16459999978542328,0.1704999953508377,2945115,0.1704999953508377,2017-11-12
1510531200,0.2282000035047531,0.17020000517368317,0.1891999989748001,0.1818999946117401,1670635,0.1818999946117401,2017-11-13
1510617600,0.2110999971628189,0.17149999737739563,0.18469999730587006,0.18639999628067017,1053025,0.18639999628067017,2017-11-14
1510704000,0.20679999887943268,0.17190000414848328,0.20579999685287476,0.18400000035762787,937652,0.18400000035762787,2017-11-15
1510790400,0.20360000431537628,0.16099999845027924,0.19850000739097595,0.16820000112056732,812503,0.16820000112056732,2017-11-16
1510876800,0.16820000112056732,0.1362999975681305,0.164900004863739,0.15449999272823334,1264555,0.15449999272823334,2017-11-17
1510963200,0.17970000207424164,0.15289999544620514,0.15620000660419464,0.17000000178813934,915449,0.17000000178813934,2017-11-18
1511049600,0.18490000069141388,0.15479999780654907,0.17569999396800995,0.16169999539852142,829225,0.16169999539852142,2017-11-19
1511136000,0.17149999737739563,0.1551000028848648,0.16500000655651093,0.1623000055551529,954131,0.1623000055551529,2017-11-20
1511222400,0.1671999990940094,0.14980000257492065,0.15950000286102295,0.15790000557899475,960767,0.15790000557899475,2017-11-21
1511308800,0.1761000007390976,0.15000000596046448,0.16060000658035278,0.1687999963760376,1359720,0.1687999963760376,2017-11-22
1511395200,0.1890999972820282,0.1527000069618225,0.16429999470710754,0.164900004863739,1693363,0.164900004863739,2017-11-23
1511481600,0.19349999725818634,0.1550000011920929,0.1687999963760376,0.19349999725818634,1650525,0.19349999725818634,2017-11-24
1511568000,0.20749999582767487,0.17509999871253967,0.20659999549388885,0.17910000681877136,1062184,0.17910000681877136,2017-11-25
1511654400,0.1940000057220459,0.1761000007390976,0.1906999945640564,0.18060000240802765,967366,0.18060000240802765,2017-11-26
1511740800,0.18860000371932983,0.17520000040531158,0.18860000371932983,0.18559999763965607,3280004,0.18559999763965607,2017-11-27
1511827200,0.19689999520778656,0.17350000143051147,0.18889999389648438,0.1784999966621399,4321026,0.1784999966621399,2017-11-28
1511913600,0.17990000545978546,0.13289999961853027,0.17730000615119934,0.1467999964952469,3715072,0.1467999964952469,2017-11-29
1512000000,0.18279999494552612,0.14300000667572021,0.14839999377727509,0.1679999977350235,3098041,0.1679999977350235,2017-11-30
1512086400,0.19200000166893005,0.16850000619888306,0.1835000067949295,0.17630000412464142,2960621,0.17630000412464142,2017-12-01
1512172800,0.22589999437332153,0.16590000689029694,0.17710000276565552,0.2078000009059906,4936566,0.2078000009059906,2017-12-02
1512259200,0.25189998745918274,0.19460000097751617,0.21410000324249268,0.2329999953508377,5723654,0.2329999953508377,2017-12-03
1512345600,0.262800008058548,0.21040000021457672,0.24079999327659607,0.22910000383853912,4719053,0.22910000383853912,2017-12-04
1512432000,0.31850001215934753,0.22059999406337738,0.23000000417232513,0.31610000133514404,9112784,0.31610000133514404,2017-12-05
1512518400,0.39430001378059387,0.2750999927520752,0.3725000023841858,0.27900001406669617,6939763,0.27900001406669617,2017-12-06
1512604800,0.3772999942302704,0.23250000178813934,0.3418999910354614,0.2554999887943268,3751387,0.2554999887943268,2017-12-07
1512691200,0.2892000079154968,0.21570000052452087,0.24330000579357147,0.24040000140666962,2413866,0.24040000140666962,2017-12-08
1512777600,0.259799987077713,0.21780000627040863,0.2224999964237213,0.23880000412464142,1331343,0.23880000412464142,2017-12-09
1512864000,0.2619999945163727,0.23280000686645508,0.24230000376701355,0.25440001487731934,1466271,0.25440001487731934,2017-12-10
1512950400,0.30869999527931213,0.2476000040769577,0.2825999855995178,0.25270000100135803,5327739,0.25270000100135803,2017-12-11
1513036800,0.27639999985694885,0.17080000042915344,0.257999986410141,0.22699999809265137,7692125,0.22699999809265137,2017-12-12
1513123200,0.2849000096321106,0.2070000022649765,0.21649999916553497,0.26350000500679016,8204986,0.26350000500679016,2017-12-13
1513209600,0.3765999972820282,0.25429999828338623,0.26649999618530273,0.30979999899864197,11281737,0.30979999899864197,2017-12-14
1513296000,0.35690000653266907,0.24819999933242798,0.3310999870300293,0.3154999911785126,10196636,0.3154999911785126,2017-12-15
1513382400,0.36970001459121704,0.3203999996185303,0.35269999504089355,0.33719998598098755,10952231,0.33719998598098755,2017-12-16
1513468800,0.4377000033855438,0.33160001039505005,0.33230000734329224,0.4083999991416931,16880677,0.4083999991416931,2017-12-17
1513555200,0.49140000343322754,0.3625999987125397,0.40639999508857727,0.48590001463890076,18758750,0.48590001463890076,2017-12-18
1513641600,0.4724000096321106,0.3910999894142151,0.4487999975681305,0.4250999987125397,10907538,0.4250999987125397,2017-12-19
1513728000,0.4032999873161316,0.31769999861717224,0.3991999924182892,0.37450000643730164,6588672,0.37450000643730164,2017-12-20
1513814400,0.4787999987602234,0.34380000829696655,0.3555999994277954,0.42160001397132874,7436545,0.42160001397132874,2017-12-21
1513900800,0.4731000065803528,0.33489999175071716,0.36809998750686646,0.4345000088214874,9589044,0.4345000088214874,2017-12-22
1513987200,0.6765999794006348,0.45419999957084656,0.45899999141693115,0.5831000208854675,15628199,0.5831000208854675,2017-12-23
1514073600,0.6065999865531921,0.44859999418258667,0.5683000087738037,0.5393000245094299,8697935,0.5393000245094299,2017-12-24
1514160000,0.5878999829292297,0.4853000044822693,0.5396000146865845,0.4993000030517578,4689973,0.4993000030517578,2017-12-25
1514246400,0.6144999861717224,0.4253999888896942,0.5723999738693237,0.5181999802589417,6496228,0.5181999802589417,2017-12-26
1514332800,0.559499979019165,0.4309999942779541,0.507099986076355,0.5044000148773193,3561529,0.5044000148773193,2017-12-27
1514419200,0.5224000215530396,0.4320000112056732,0.47110000252723694,0.5080000162124634,3443714,0.5080000162124634,2017-12-28
1514505600,0.5180000066757202,0.4627000093460083,0.5077999830245972,0.48159998655319214,3696102,0.48159998655319214,2017-12-29
1514592000,0.5845999717712402,0.41280001401901245,0.41929998993873596,0.5526000261306763,5600194,0.5526000261306763,2017-12-30
1514678400,0.6370999813079834,0.5424000024795532,0.6122000217437744,0.598800003528595,6142014,0.598800003528595,2017-12-31
1514764800,0.7379000186920166,0.5626999735832214,0.5806999802589417,0.7265999913215637,7338394,0.7265999913215637,2018-01-01
1514851200,0.814300000667572,0.5533000230789185,0.7965999841690063,0.6635000109672546,8124159,0.6635000109672546,2018-01-02
1514937600,0.7199000120162964,0.6062999963760376,0.6815999746322632,0.6776999831199646,5779856,0.6776999831199646,2018-01-03
1515024000,1.059999942779541,0.6801999807357788,0.6833999752998352,0.9546999931335449,12468686,0.9546999931335449,2018-01-04
1515110400,1.4600000381469727,0.8514999747276306,1.0800000429153442,0.9614999890327454,17673872,0.9614999890327454,2018-01-05
1515196800,1.2400000095367432,0.9118000268936157,0.9236999750137329,1.0700000524520874,11011216,1.0700000524520874,2018-01-06
1515283200,1.350000023841858,0.9682000279426575,1.0099999904632568,1.2699999809265137,14972579,1.2699999809265137,2018-01-07
1515369600,1.399999976158142,1.090000033378601,1.1699999570846558,1.3799999952316284,16572248,1.3799999952316284,2018-01-08
1515456000,1.3700000047683716,1.190000057220459,1.3300000429153442,1.2300000190734863,8586118,1.2300000190734863,2018-01-09
1515542400,1.309999942779541,1.1399999856948853,1.2799999713897705,1.1699999570846558,7062741,1.1699999570846558,2018-01-10
1515628800,1.2000000476837158,0.9807000160217285,1.0499999523162842,1.0099999904632568,6186487,1.0099999904632568,2018-01-11
1515715200,1.1299999952316284,1.0099999904632568,1.0499999523162842,1.0499999523162842,6142347,1.0499999523162842,2018-01-12
1515801600,1.2799999713897705,1.059999942779541,1.0800000429153442,1.100000023841858,7933993,1.100000023841858,2018-01-13
1515888000,1.100000023841858,0.9559000134468079,1.059999942779541,1.0,3546554,1.0,2018-01-14
1515974400,1.090000033378601,0.753000020980835,1.0,0.883400022983551,5582545,0.883400022983551,2018-01-15
1516060800,0.7659000158309937,0.5755000114440918,0.7311000227928162,0.7357000112533569,5459846,0.7357000112533569,2018-01-16
1516147200,0.7479000091552734,0.4507000148296356,0.7279000282287598,0.7019000053405762,4734510,0.7019000053405762,2018-01-17
1516233600,0.7710000276565552,0.6929000020027161,0.7027000188827515,0.7304999828338623,3763316,0.7304999828338623,2018-01-18
1516320000,0.8806999921798706,0.7293999791145325,0.7531999945640564,0.8162000179290771,4561842,0.8162000179290771,2018-01-19
1516406400,1.25,0.8725000023841858,0.9056000113487244,1.25,11751387,1.25,2018-01-20
1516492800,1.1399999856948853,0.8547999858856201,1.1299999952316284,0.8968999981880188,12840059,0.8968999981880188,2018-01-21
1516579200,0.9351999759674072,0.7753999829292297,0.84170001745224,0.8014000058174133,6375478,0.8014000058174133,2018-01-22
1516665600,0.8418999910354614,0.7664999961853027,0.8046000003814697,0.8007000088691711,4038027,0.8007000088691711,2018-01-23
1516752000,0.8564000129699707,0.7903000116348267,0.8428000211715698,0.8004000186920166,2848145,0.8004000186920166,2018-01-24
1516838400,0.8090000152587891,0.7268000245094299,0.7825999855995178,0.7581999897956848,2858054,0.7581999897956848,2018-01-25
1516924800,0.7692999839782715,0.694100022315979,0.7533000111579895,0.7071999907493591,2233787,0.7071999907493591,2018-01-26
1517011200,0.8569999933242798,0.6890000104904175,0.7299000024795532,0.7821000218391418,8483079,0.7821000218391418,2018-01-27
1517097600,0.8659999966621399,0.7494999766349792,0.8109999895095825,0.76910001039505,4722950,0.76910001039505,2018-01-28
1517184000,0.7340999841690063,0.6917999982833862,0.7340999841690063,0.698199987411499,2430616,0.698199987411499,2018-01-29
1517270400,0.6366000175476074,0.5681999921798706,0.6281999945640564,0.6050999760627747,2413741,0.6050999760627747,2018-01-30
1517356800,0.6352999806404114,0.5898000001907349,0.6122999787330627,0.6237999796867371,1555407,0.6237999796867371,2018-01-31
1517443200,0.5645999908447266,0.49459999799728394,0.5559999942779541,0.5126000046730042,1364565,0.5126000046730042,2018-02-01
1517529600,0.5282999873161316,0.3991999924182892,0.49889999628067017,0.4950999915599823,3401290,0.4950999915599823,2018-02-02
1517616000,0.5435000061988831,0.4902999997138977,0.5163000226020813,0.5232999920845032,1285337,0.5232999920845032,2018-02-03
1517702400,0.48649999499320984,0.4074999988079071,0.4650999903678894,0.42809998989105225,1194232,0.42809998989105225,2018-02-04
1517788800,0.38690000772476196,0.3197999894618988,0.3614000082015991,0.3479999899864197,1416463,0.3479999899864197,2018-02-05
1517875200,0.4377000033855438,0.3375999927520752,0.3813000023365021,0.42239999771118164,2420307,0.42239999771118164,2018-02-06
1517961600,0.42100000381469727,0.3644999861717224,0.4165000021457672,0.3727000057697296,1474426,0.3727000057697296,2018-02-07
1518048000,0.532800018787384,0.40389999747276306,0.40549999475479126,0.4129999876022339,34624,0.4129999876022339,2018-02-08
1518134400,0.45489999651908875,0.4300999939441681,0.43479999899864197,0.4327000081539154,537860,0.4327000081539154,2018-02-09
1518220800,0.4607999920845032,0.4138999879360199,0.4262999892234802,0.42080000042915344,1212976,0.42080000042915344,2018-02-10
1518307200,0.4323999881744385,0.38429999351501465,0.3968000113964081,0.41499999165534973,911874,0.41499999165534973,2018-02-11
1518393600,0.5346999764442444,0.44940000772476196,0.45739999413490295,0.4894999861717224,3998500,0.4894999861717224,2018-02-12
1518480000,0.6365000009536743,0.4657999873161316,0.46939998865127563,0.5720000267028809,20063621,0.5720000267028809,2018-02-13
1518566400,0.6381000280380249,0.5615000128746033,0.6373999714851379,0.5676000118255615,7053616,0.5676000118255615,2018-02-14
1518652800,0.6022999882698059,0.5248000025749207,0.6004999876022339,0.5609999895095825,4689909,0.5609999895095825,2018-02-15
1518739200,0.6765000224113464,0.5561000108718872,0.5684000253677368,0.6395000219345093,6468742,0.6395000219345093,2018-02-16
1518825600,0.7537999749183655,0.6621999740600586,0.6966000199317932,0.6732000112533569,4931248,0.6732000112533569,2018-02-17
1518912000,0.7590000033378601,0.5810999870300293,0.629800021648407,0.7473999857902527,11577243,0.7473999857902527,2018-02-18
1518998400,0.8766000270843506,0.7422000169754028,0.8033000230789185,0.7731000185012817,19471495,0.7731000185012817,2018-02-19
1519084800,0.8084999918937683,0.6873999834060669,0.7777000069618225,0.6873999834060669,6747498,0.6873999834060669,2018-02-20
1519171200,0.6973999738693237,0.6241000294685364,0.6402000188827515,0.6527000069618225,4135835,0.6527000069618225,2018-02-21
1519257600,0.6510000228881836,0.5771999955177307,0.6133999824523926,0.5993000268936157,3225649,0.5993000268936157,2018-02-22
1519344000,0.692300021648407,0.5995000004768372,0.6194999814033508,0.6773999929428101,4383018,0.6773999929428101,2018-02-23
1519430400,0.6711999773979187,0.6245999932289124,0.6442999839782715,0.650600016117096,3411402,0.650600016117096,2018-02-24
1519516800,0.6988000273704529,0.6340000033378601,0.6442000269889832,0.6790000200271606,3739028,0.6790000200271606,2018-02-25
1519603200,0.7336999773979187,0.6711000204086304,0.7296000123023987,0.6942999958992004,2471177,0.6942999958992004,2018-02-26
1519689600,0.7494000196456909,0.6851000189781189,0.7121000289916992,0.7092000246047974,3375596,0.7092000246047974,2018-02-27
1519776000,0.694599986076355,0.652899980545044,0.6916000247001648,0.6617000102996826,2866878,0.6617000102996826,2018-02-28
1519862400,0.7017999887466431,0.6581000089645386,0.6987000107765198,0.6621999740600586,2287991,0.6621999740600586,2018-03-01
1519948800,0.678600013256073,0.6446999907493591,0.6690000295639038,0.6524999737739563,2165364,0.6524999737739563,2018-03-02
1520035200,0.6894999742507935,0.6105999946594238,0.6773999929428101,0.6313999891281128,1894347,0.6313999891281128,2018-03-03
1520121600,0.6516000032424927,0.5738000273704529,0.6330000162124634,0.5942000150680542,2498810,0.5942000150680542,2018-03-04
1520208000,0.618399977684021,0.5691999793052673,0.5906999707221985,0.5827999711036682,2663540,0.5827999711036682,2018-03-05
1520294400,0.5572999715805054,0.5252000093460083,0.5468999743461609,0.5339999794960022,1817062,0.5339999794960022,2018-03-06
1520380800,0.531000018119812,0.4650000035762787,0.49380001425743103,0.5198000073432922,3602485,0.5198000073432922,2018-03-07
1520467200,0.49570000171661377,0.46549999713897705,0.4878000020980835,0.4851999878883362,1934287,0.4851999878883362,2018-03-08
1520553600,0.490200012922287,0.4611000120639801,0.48179998993873596,0.47850000858306885,1882688,0.47850000858306885,2018-03-09
1520640000,0.4794999957084656,0.4514000117778778,0.4544000029563904,0.46709999442100525,1434959,0.46709999442100525,2018-03-10
1520726400,0.5174000263214111,0.49399998784065247,0.5063999891281128,0.5131999850273132,1426530,0.5131999850273132,2018-03-11
1520812800,0.5275999903678894,0.4887999892234802,0.4909000098705292,0.5091999769210815,3049525,0.5091999769210815,2018-03-12
1520899200,0.5679000020027161,0.5087000131607056,0.5088000297546387,0.5641999840736389,2753309,0.5641999840736389,2018-03-13
1520985600,0.5128999948501587,0.43479999899864197,0.5059999823570251,0.4406999945640564,2907827,0.4406999945640564,2018-03-14
1521072000,0.4490000009536743,0.40639999508857727,0.44339999556541443,0.4194999933242798,6185169,0.4194999933242798,2018-03-15
1521158400,0.4433000087738037,0.4180999994277954,0.420199990272522,0.42399999499320984,8463172,0.42399999499320984,2018-03-16
1521244800,0.40380001068115234,0.367000013589859,0.4020000100135803,0.3725000023841858,7566131,0.3725000023841858,2018-03-17
1521331200,0.3882000148296356,0.2996000051498413,0.3882000148296356,0.37220001220703125,8021247,0.37220001220703125,2018-03-18
1521417600,0.40230000019073486,0.362199991941452,0.39070001244544983,0.38659998774528503,7482890,0.38659998774528503,2018-03-19
1521504000,0.4052000045776367,0.383899986743927,0.40149998664855957,0.39320001006126404,7078618,0.39320001006126404,2018-03-20
1521590400,0.4603999853134155,0.38999998569488525,0.39259999990463257,0.44449999928474426,11333194,0.44449999928474426,2018-03-21
1521676800,0.44449999928474426,0.3991999924182892,0.4352000057697296,0.420199990272522,9002104,0.420199990272522,2018-03-22
1521763200,0.4410000145435333,0.4025999903678894,0.4327999949455261,0.4147999882698059,8251643,0.4147999882698059,2018-03-23
1521849600,0.4226999878883362,0.3917999863624573,0.3968000113964081,0.4129999876022339,7404007,0.4129999876022339,2018-03-24
1521936000,0.41339999437332153,0.39239999651908875,0.4092000126838684,0.40709999203681946,7145418,0.40709999203681946,2018-03-25
1522018800,0.3986000120639801,0.35580000281333923,0.39169999957084656,0.37040001153945923,7177716,0.37040001153945923,2018-03-25
1522105200,0.35740000009536743,0.33719998598098755,0.3538999855518341,0.34310001134872437,5435901,0.34310001134872437,2018-03-26
1522191600,0.35659998655319214,0.34200000762939453,0.3497999906539917,0.35269999504089355,6962787,0.35269999504089355,2018-03-27
1522278000,0.3192000091075897,0.2777000069618225,0.3147999942302704,0.2793000042438507,6728388,0.2793000042438507,2018-03-28
1522364400,0.29269999265670776,0.26930001378059387,0.26980000734329224,0.28760001063346863,6199645,0.28760001063346863,2018-03-29
1522450800,0.29249998927116394,0.2759000062942505,0.2913999855518341,0.2800999879837036,5951118,0.2800999879837036,2018-03-30
1522537200,0.2770000100135803,0.25679999589920044,0.2754000127315521,0.2628999948501587,6546647,0.2628999948501587,2018-03-31
1522623600,0.2799000144004822,0.26930001378059387,0.2721000015735626,0.27480000257492065,6554016,0.27480000257492065,2018-04-01
1522710000,0.3003000020980835,0.28279998898506165,0.28870001435279846,0.2955000102519989,7396960,0.2955000102519989,2018-04-02
1522796400,0.29649999737739563,0.2687999904155731,0.27090001106262207,0.2912999987602234,7806826,0.2912999987602234,2018-04-03
1522882800,0.31279999017715454,0.27720001339912415,0.289000004529953,0.2865999937057495,7965718,0.2865999937057495,2018-04-04
1522969200,0.28439998626708984,0.27059999108314514,0.2800000011920929,0.27570000290870667,6372082,0.27570000290870667,2018-04-05
1523055600,0.3068000078201294,0.2849000096321106,0.2874999940395355,0.30550000071525574,7626532,0.30550000071525574,2018-04-06
1523142000,0.33469998836517334,0.3043000102043152,0.31139999628067017,0.32910001277923584,8708359,0.32910001277923584,2018-04-07
1523228400,0.3249000012874603,0.30399999022483826,0.3172000050544739,0.31700000166893005,7619923,0.31700000166893005,2018-04-08
1523314800,0.3610000014305115,0.3188999891281128,0.3199999928474426,0.35839998722076416,8086548,0.35839998722076416,2018-04-09
1523401200,0.38370001316070557,0.35359999537467957,0.36390000581741333,0.3596000075340271,8339454,0.3596000075340271,2018-04-10
1523487600,0.42250001430511475,0.3785000145435333,0.40860000252723694,0.3873000144958496,9142590,0.3873000144958496,2018-04-11
1523574000,0.4072999954223633,0.37619999051094055,0.3856000006198883,0.38179999589920044,9069333,0.38179999589920044,2018-04-12
1523660400,0.4203000068664551,0.3806999921798706,0.3874000012874603,0.39559999108314514,7568301,0.39559999108314514,2018-04-13
1523746800,0.4296000003814697,0.4108000099658966,0.413100004196167,0.42500001192092896,9347434,0.42500001192092896,2018-04-14
1523833200,0.41499999165534973,0.39570000767707825,0.4097999930381775,0.41100001335144043,8282153,0.41100001335144043,2018-04-15
1523919600,0.43470001220703125,0.4018000066280365,0.40299999713897705,0.41850000619888306,9502541,0.41850000619888306,2018-04-16
1524006000,0.4530999958515167,0.4325999915599823,0.4325999915599823,0.448199987411499,10159341,0.448199987411499,2018-04-17
1524092400,0.48559999465942383,0.4528999924659729,0.45410001277923584,0.48500001430511475,11604319,0.48500001430511475,2018-04-18
1524178800,0.5192000269889832,0.4796000123023987,0.5184000134468079,0.4828000068664551,10370209,0.4828000068664551,2018-04-19
1524265200,0.5059000253677368,0.4487000107765198,0.4860000014305115,0.4918999969959259,11376622,0.4918999969959259,2018-04-20
1524351600,0.5052000284194946,0.483599990606308,0.486299991607666,0.5004000067710876,11013620,0.5004000067710876,2018-04-21
1524438000,0.5133000016212463,0.48969998955726624,0.5085999965667725,0.4952000081539154,11247679,0.4952000081539154,2018-04-22
1524524400,0.5493999719619751,0.5264000296592712,0.5325999855995178,0.5310999751091003,11728771,0.5310999751091003,2018-04-23
1524610800,0.4880000054836273,0.421999990940094,0.4878999888896942,0.438400000333786,9219513,0.438400000333786,2018-04-24
1524697200,0.4925999939441681,0.4553999900817871,0.45840001106262207,0.4896000027656555,8754791,0.4896000027656555,2018-04-25
1524783600,0.4715000092983246,0.44699999690055847,0.4715000092983246,0.4510999917984009,8536476,0.4510999917984009,2018-04-26
1524870000,0.4862000048160553,0.4708000123500824,0.47200000286102295,0.48489999771118164,10254314,0.48489999771118164,2018-04-27
1524956400,0.532800018787384,0.4862000048160553,0.4869999885559082,0.5174999833106995,11905399,0.5174999833106995,2018-04-28
1525042800,0.5913000106811523,0.5045999884605408,0.5088000297546387,0.5460000038146973,14315231,0.5460000038146973,2018-04-29
1525129200,0.5662999749183655,0.5130000114440918,0.5358999967575073,0.5482000112533569,10503853,0.5482000112533569,2018-04-30
1525215600,0.5853000283241272,0.5539000034332275,0.5584999918937683,0.5652999877929688,10294416,0.5652999877929688,2018-05-01
1525302000,0.6069999933242798,0.5604000091552734,0.597599983215332,0.5685999989509583,10559498,0.5685999989509583,2018-05-02
1525388400,0.59579998254776,0.5467000007629395,0.5659999847412109,0.5830000042915344,8574732,0.5830000042915344,2018-05-03
1525474800,0.6078000068664551,0.5699999928474426,0.5917999744415283,0.5717999935150146,7826012,0.5717999935150146,2018-05-04
1525561200,0.5636000037193298,0.5138999819755554,0.5601000189781189,0.5400999784469604,9300728,0.5400999784469604,2018-05-05
1525647600,0.5853999853134155,0.5206999778747559,0.5252000093460083,0.574999988079071,10708575,0.574999988079071,2018-05-06
1525734000,0.5921000242233276,0.542900025844574,0.5638999938964844,0.5529000163078308,9585014,0.5529000163078308,2018-05-07
1525820400,0.5662999749183655,0.5360000133514404,0.560699999332428,0.5397999882698059,7849681,0.5397999882698059,2018-05-08
1525906800,0.564300000667572,0.5214999914169312,0.5235999822616577,0.5266000032424927,7684285,0.5266000032424927,2018-05-09
1525993200,0.5101000070571899,0.4553999900817871,0.4943000078201294,0.46639999747276306,6608790,0.46639999747276306,2018-05-10
1526079600,0.4758000075817108,0.4447000026702881,0.4699000120162964,0.4652999937534332,5332632,0.4652999937534332,2018-05-11
1526166000,0.5095000267028809,0.4756999909877777,0.476500004529953,0.5038999915122986,6997130,0.5038999915122986,2018-05-12
1526252400,0.5181999802589417,0.48159998655319214,0.501800000667572,0.5171999931335449,6786470,0.5171999931335449,2018-05-13
1526338800,0.5253000259399414,0.5004000067710876,0.5052000284194946,0.5031999945640564,3259498,0.5031999945640564,2018-05-14
1526425200,0.5210000276565552,0.4779999852180481,0.4952000081539154,0.47999998927116394,1632940,0.47999998927116394,2018-05-15
1526511600,0.47200000286102295,0.4390999972820282,0.46389999985694885,0.44209998846054077,798469,0.44209998846054077,2018-05-16
1526598000,0.4657999873161316,0.4406000077724457,0.45170000195503235,0.45969998836517334,786505,0.45969998836517334,2018-05-17
1526684400,0.4672999978065491,0.4449000060558319,0.45980000495910645,0.45170000195503235,700880,0.45170000195503235,2018-05-18
1526770800,0.4805999994277954,0.4528000056743622,0.4672999978065491,0.45500001311302185,690001,0.45500001311302185,2018-05-19
1526857200,0.45570001006126404,0.4212999939918518,0.4489000141620636,0.4242999851703644,1028736,0.4242999851703644,2018-05-20
1526943600,0.41019999980926514,0.3709000051021576,0.4027999937534332,0.37290000915527344,835851,0.37290000915527344,2018-05-21
1527030000,0.358599990606308,0.32269999384880066,0.3499000072479248,0.34689998626708984,1171222,0.34689998626708984,2018-05-22
1527116400,0.3686000108718872,0.33739998936653137,0.35089999437332153,0.36480000615119934,635100,0.36480000615119934,2018-05-23
1527202800,0.3628999888896942,0.34209999442100525,0.3596000075340271,0.34769999980926514,494787,0.34769999980926514,2018-05-24
1527289200,0.375,0.3370000123977661,0.34209999442100525,0.36660000681877136,1309710,0.36660000681877136,2018-05-25
1527375600,0.36730000376701355,0.34119999408721924,0.36629998683929443,0.3474000096321106,816864,0.3474000096321106,2018-05-26
1527462000,0.3391000032424927,0.31119999289512634,0.335999995470047,0.3156999945640564,1077037,0.3156999945640564,2018-05-27
1527548400,0.35580000281333923,0.3231000006198883,0.3314000070095062,0.35359999537467957,1163984,0.35359999537467957,2018-05-28
1527634800,0.357699990272522,0.33390000462532043,0.3495999872684479,0.3361999988555908,1003472,0.3361999988555908,2018-05-29
1527721200,0.35010001063346863,0.3359000086784363,0.34060001373291016,0.34610000252723694,1039603,0.34610000252723694,2018-05-30
1527807600,0.3580999970436096,0.3458000123500824,0.34630000591278076,0.3513000011444092,881329,0.3513000011444092,2018-05-31
1527894000,0.37220001220703125,0.3522000014781952,0.35659998655319214,0.36820000410079956,1093119,0.36820000410079956,2018-06-01
1527980400,0.3750999867916107,0.3605000078678131,0.3718000054359436,0.3619000017642975,879688,0.3619000017642975,2018-06-02
1528066800,0.35350000858306885,0.3301999866962433,0.3522999882698059,0.3393999934196472,875592,0.3393999934196472,2018-06-03
1528153200,0.3472000062465668,0.32910001277923584,0.3452000021934509,0.335999995470047,627528,0.335999995470047,2018-06-04
1528239600,0.3422999978065491,0.32330000400543213,0.33739998936653137,0.32690000534057617,512161,0.32690000534057617,2018-06-05
1528326000,0.33169999718666077,0.3025999963283539,0.32850000262260437,0.30630001425743103,937046,0.30630001425743103,2018-06-06
1528412400,0.32589998841285706,0.2858000099658966,0.3034000098705292,0.2937000095844269,972078,0.2937000095844269,2018-06-07
1528498800,0.30480000376701355,0.2872999906539917,0.28940001130104065,0.2987000048160553,537527,0.2987000048160553,2018-06-08
1528585200,0.2705000042915344,0.2354000061750412,0.26930001378059387,0.241799995303154,773167,0.241799995303154,2018-06-09
1528671600,0.26589998602867126,0.24490000307559967,0.24580000340938568,0.26510000228881836,512356,0.26510000228881836,2018-06-10
1528758000,0.2572000026702881,0.22460000216960907,0.25189998745918274,0.227400004863739,654330,0.227400004863739,2018-06-11
1528844400,0.22589999437332153,0.2003999948501587,0.21879999339580536,0.21299999952316284,857597,0.21299999952316284,2018-06-12
1528930800,0.2483000010251999,0.22310000658035278,0.22509999573230743,0.2401999980211258,754641,0.2401999980211258,2018-06-13
1529017200,0.23389999568462372,0.2198999971151352,0.23119999468326569,0.2224999964237213,237459,0.2224999964237213,2018-06-14
1529103600,0.2321999967098236,0.20280000567436218,0.22619999945163727,0.22130000591278076,336346,0.22130000591278076,2018-06-15
1529190000,0.22380000352859497,0.20499999821186066,0.21979999542236328,0.21379999816417694,446800,0.21379999816417694,2018-06-16
1529276400,0.2222999930381775,0.20569999516010284,0.2222999930381775,0.20839999616146088,420954,0.20839999616146088,2018-06-17
1529362800,0.2248000055551529,0.20839999616146088,0.20919999480247498,0.22169999778270721,388020,0.22169999778270721,2018-06-18
1529449200,0.2475000023841858,0.21539999544620514,0.22280000150203705,0.22429999709129333,705327,0.22429999709129333,2018-06-19
1529535600,0.23430000245571136,0.20999999344348907,0.22310000658035278,0.21140000224113464,550823,0.21140000224113464,2018-06-20
1529622000,0.19760000705718994,0.17170000076293945,0.19040000438690186,0.18389999866485596,544709,0.18389999866485596,2018-06-21
1529708400,0.19679999351501465,0.18490000069141388,0.1876000016927719,0.19220000505447388,233336,0.19220000505447388,2018-06-22
1529794800,0.19439999759197235,0.17669999599456787,0.19200000166893005,0.1858000010251999,266282,0.1858000010251999,2018-06-23
1529881200,0.18889999389648438,0.17960000038146973,0.18870000541210175,0.17990000545978546,297321,0.17990000545978546,2018-06-24
1529967600,0.1859000027179718,0.16699999570846558,0.17489999532699585,0.1679999977350235,249557,0.1679999977350235,2018-06-25
1530054000,0.1761000007390976,0.1673000007867813,0.16940000653266907,0.17190000414848328,262717,0.17190000414848328,2018-06-26
1530140400,0.16869999468326569,0.16099999845027924,0.16429999470710754,0.16590000689029694,535974,0.16590000689029694,2018-06-27
1530226800,0.18330000340938568,0.17180000245571136,0.17520000040531158,0.1809999942779541,264592,0.1809999942779541,2018-06-28
1530313200,0.23119999468326569,0.18610000610351562,0.18639999628067017,0.2273000031709671,951259,0.2273000031709671,2018-06-29
1530399600,0.23180000483989716,0.21570000052452087,0.2257000058889389,0.22540000081062317,347095,0.22540000081062317,2018-06-30
1530486000,0.25769999623298645,0.22689999639987946,0.2353000044822693,0.2517000138759613,561653,0.2517000138759613,2018-07-01
1530572400,0.25699999928474426,0.23360000550746918,0.24889999628067017,0.2345999926328659,413731,0.2345999926328659,2018-07-02
1530658800,0.24420000612735748,0.23190000653266907,0.23720000684261322,0.23280000686645508,397778,0.23280000686645508,2018-07-03
1530745200,0.23909999430179596,0.21439999341964722,0.23070000112056732,0.21660000085830688,392339,0.21660000085830688,2018-07-04
1530831600,0.2345999926328659,0.21729999780654907,0.21879999339580536,0.23029999434947968,314425,0.23029999434947968,2018-07-05
1530918000,0.2818000018596649,0.23440000414848328,0.23569999635219574,0.2500999867916107,1125021,0.2500999867916107,2018-07-06
1531004400,0.25130000710487366,0.23819999396800995,0.2483000010251999,0.24740000069141388,297592,0.24740000069141388,2018-07-07
1531090800,0.2533999979496002,0.23270000517368317,0.2460000067949295,0.23389999568462372,344035,0.23389999568462372,2018-07-08
1531177200,0.2240000069141388,0.20100000500679016,0.22120000422000885,0.21160000562667847,342886,0.21160000562667847,2018-07-09
1531263600,0.2152000069618225,0.20110000669956207,0.21449999511241913,0.20419999957084656,336774,0.20419999957084656,2018-07-10
1531350000,0.20829999446868896,0.19200000166893005,0.1996999979019165,0.20559999346733093,378219,0.20559999346733093,2018-07-11
1531436400,0.2159000039100647,0.19699999690055847,0.20479999482631683,0.1995999962091446,456534,0.1995999962091446,2018-07-12
1531522800,0.20340000092983246,0.19009999930858612,0.2003999948501587,0.19550000131130219,317068,0.19550000131130219,2018-07-13
1531609200,0.20059999823570251,0.19059999287128448,0.19840000569820404,0.20000000298023224,246938,0.20000000298023224,2018-07-14
1531695600,0.22609999775886536,0.20579999685287476,0.211899995803833,0.22220000624656677,429741,0.22220000624656677,2018-07-15
1531782000,0.2556000053882599,0.23749999701976776,0.24160000681877136,0.249099999666214,534585,0.249099999666214,2018-07-16
1531868400,0.25440001487731934,0.2320999950170517,0.250900000333786,0.24079999327659607,574108,0.24079999327659607,2018-07-17
1531954800,0.2468000054359436,0.22869999706745148,0.24390000104904175,0.2287999987602234,432324,0.2287999987602234,2018-07-18
1532041200,0.22840000689029694,0.21040000021457672,0.22439999878406525,0.21330000460147858,347987,0.21330000460147858,2018-07-19
1532127600,0.22390000522136688,0.19840000569820404,0.21529999375343323,0.22339999675750732,740121,0.22339999675750732,2018-07-20
1532214000,0.22380000352859497,0.2003999948501587,0.2232999950647354,0.20329999923706055,584240,0.20329999923706055,2018-07-21
1532300400,0.2126999944448471,0.19429999589920044,0.211899995803833,0.19629999995231628,489032,0.19629999995231628,2018-07-22
1532386800,0.21389999985694885,0.19120000302791595,0.2134999930858612,0.20160000026226044,722439,0.20160000026226044,2018-07-23
1532473200,0.26100000739097595,0.19249999523162842,0.19670000672340393,0.24500000476837158,3134478,0.24500000476837158,2018-07-24
1532559600,0.2736000120639801,0.23489999771118164,0.23800000548362732,0.25119999051094055,1696411,0.25119999051094055,2018-07-25
1532646000,0.29109999537467957,0.2533999979496002,0.2590000033378601,0.26420000195503235,1333742,0.26420000195503235,2018-07-26
1532732400,0.289900004863739,0.25519999861717224,0.2653999924659729,0.2797999978065491,747424,0.2797999978065491,2018-07-27
1532818800,0.35100001096725464,0.2759000062942505,0.2791999876499176,0.32919999957084656,3826642,0.32919999957084656,2018-07-28
1532905200,0.36329999566078186,0.2948000133037567,0.32760000228881836,0.31459999084472656,2403026,0.31459999084472656,2018-07-29
1532991600,0.30979999899864197,0.26350000500679016,0.296999990940094,0.2953000068664551,1587566,0.2953000068664551,2018-07-30
1533078000,0.3084999918937683,0.2694999873638153,0.2906000018119812,0.2874999940395355,1060622,0.2874999940395355,2018-07-31
1533164400,0.3165999948978424,0.28450000286102295,0.2849000096321106,0.3100000023841858,1382153,0.3100000023841858,2018-08-01
1533250800,0.30550000071525574,0.27570000290870667,0.30489999055862427,0.2856999933719635,990626,0.2856999933719635,2018-08-02
1533337200,0.27149999141693115,0.24860000610351562,0.2703000009059906,0.25600001215934753,946638,0.25600001215934753,2018-08-03
1533423600,0.2572000026702881,0.24199999868869781,0.25619998574256897,0.2529999911785126,651735,0.2529999911785126,2018-08-04
1533510000,0.2524999976158142,0.23190000653266907,0.24959999322891235,0.23549999296665192,491363,0.23549999296665192,2018-08-05
1533596400,0.24940000474452972,0.22499999403953552,0.22769999504089355,0.23319999873638153,775568,0.23319999873638153,2018-08-06
1533682800,0.22930000722408295,0.2159000039100647,0.21780000627040863,0.22779999673366547,691654,0.22779999673366547,2018-08-07
1533769200,0.31450000405311584,0.23690000176429749,0.23720000684261322,0.2736999988555908,4393250,0.2736999988555908,2018-08-08
1533855600,0.2987000048160553,0.2572000026702881,0.2574000060558319,0.2743000090122223,3385124,0.2743000090122223,2018-08-09
1533942000,0.28439998626708984,0.23980000615119934,0.2782999873161316,0.26989999413490295,2549687,0.26989999413490295,2018-08-10
1534028400,0.2896000146865845,0.2603999972343445,0.273499995470047,0.28279998898506165,1883623,0.28279998898506165,2018-08-11
1534114800,0.2955999970436096,0.25699999928474426,0.2802000045776367,0.25850000977516174,1744880,0.25850000977516174,2018-08-12
1534201200,0.27390000224113464,0.23090000450611115,0.25589999556541443,0.2732999920845032,2381373,0.2732999920845032,2018-08-13
1534287600,0.2833000123500824,0.24889999628067017,0.2761000096797943,0.257099986076355,1661531,0.257099986076355,2018-08-14
1534374000,0.2768999934196472,0.2533000111579895,0.2590999901294708,0.26829999685287476,1406930,0.26829999685287476,2018-08-15
1534460400,0.2962999939918518,0.27570000290870667,0.27970001101493835,0.29339998960494995,1720256,0.29339998960494995,2018-08-16
1534546800,0.2919999957084656,0.26269999146461487,0.28519999980926514,0.27379998564720154,1237114,0.27379998564720154,2018-08-17
1534633200,0.32170000672340393,0.2773999869823456,0.27970001101493835,0.29980000853538513,1863423,0.29980000853538513,2018-08-18
1534719600,0.29490000009536743,0.2822999954223633,0.289000004529953,0.28940001130104065,1040301,0.28940001130104065,2018-08-19
1534806000,0.3384999930858612,0.29429998993873596,0.2996000051498413,0.3142000138759613,2632243,0.3142000138759613,2018-08-20
1534892400,0.33410000801086426,0.3034000098705292,0.30809998512268066,0.3138999938964844,1857623,0.3138999938964844,2018-08-21
1534978800,0.32690000534057617,0.30570000410079956,0.3224000036716461,0.3215999901294708,1797200,0.3215999901294708,2018-08-22
1535065200,0.34150001406669617,0.32100000977516174,0.3312000036239624,0.33379998803138733,1240508,0.33379998803138733,2018-08-23
1535151600,0.33799999952316284,0.30660000443458557,0.33629998564720154,0.3172000050544739,623781,0.3172000050544739,2018-08-24
1535238000,0.34049999713897705,0.3059000074863434,0.3158999979496002,0.3314000070095062,826801,0.3314000070095062,2018-08-25
1535324400,0.34450000524520874,0.33329999446868896,0.3409999907016754,0.33559998869895935,440623,0.33559998869895935,2018-08-26
1535410800,0.34459999203681946,0.326200008392334,0.3440999984741211,0.33559998869895935,919532,0.33559998869895935,2018-08-27
1535497200,0.3361999988555908,0.3077999949455261,0.33379998803138733,0.3086000084877014,612297,0.3086000084877014,2018-08-28
1535583600,0.3163999915122986,0.2896000146865845,0.30630001425743103,0.30469998717308044,994617,0.30469998717308044,2018-08-29
1535670000,0.33340001106262207,0.29980000853538513,0.3059000074863434,0.3264999985694885,844499,0.3264999985694885,2018-08-30
1535756400,0.3375000059604645,0.325300008058548,0.33469998836517334,0.329800009727478,341007,0.329800009727478,2018-08-31
1535842800,0.34389999508857727,0.29989999532699585,0.3343000113964081,0.3118000030517578,1029702,0.3118000030517578,2018-09-01
1535929200,0.31049999594688416,0.2955999970436096,0.31049999594688416,0.30480000376701355,501001,0.30480000376701355,2018-09-02
1536015600,0.30979999899864197,0.2904999852180481,0.3091000020503998,0.2992999851703644,943259,0.2992999851703644,2018-09-03
1536102000,0.28870001435279846,0.25279998779296875,0.27230000495910645,0.266400009393692,1231440,0.266400009393692,2018-09-04
1536188400,0.288100004196167,0.2484000027179718,0.258899986743927,0.27250000834465027,1252802,0.27250000834465027,2018-09-05
1536274800,0.2922999858856201,0.25679999589920044,0.26820001006126404,0.25940001010894775,903550,0.25940001010894775,2018-09-06
1536361200,0.26600000262260437,0.23669999837875366,0.2508000135421753,0.2418999969959259,324256,0.2418999969959259,2018-09-07
1536447600,0.25,0.23600000143051147,0.24369999766349792,0.23960000276565552,264932,0.23960000276565552,2018-09-08
1536534000,0.2558000087738037,0.23989999294281006,0.24250000715255737,0.2476000040769577,338985,0.2476000040769577,2018-09-09
1536620400,0.27059999108314514,0.2393999993801117,0.24650000035762787,0.26159998774528503,563921,0.26159998774528503,2018-09-10
1536706800,0.2750000059604645,0.2508000135421753,0.26170000433921814,0.2542000114917755,543574,0.2542000114917755,2018-09-11
1536793200,0.2775000035762787,0.25929999351501465,0.2603999972343445,0.2732999920845032,523634,0.2732999920845032,2018-09-12
1536879600,0.2759000062942505,0.25940001010894775,0.27309998869895935,0.2687000036239624,499016,0.2687000036239624,2018-09-13
1536966000,0.27950000762939453,0.26579999923706055,0.26980000734329224,0.2694000005722046,301491,0.2694000005722046,2018-09-14
1537052400,0.2831999957561493,0.263700008392334,0.2685999870300293,0.27549999952316284,464276,0.27549999952316284,2018-09-15
1537138800,0.2759000062942505,0.2614000141620636,0.2653000056743622,0.2712000012397766,448627,0.2712000012397766,2018-09-16
1537225200,0.3102000057697296,0.27140000462532043,0.27489998936653137,0.29120001196861267,1190143,0.29120001196861267,2018-09-17
1537311600,0.34850001335144043,0.2890999913215637,0.2935999929904938,0.3287999927997589,4852222,0.3287999927997589,2018-09-18
1537398000,0.4368000030517578,0.33070001006126404,0.33899998664855957,0.35670000314712524,6474357,0.35670000314712524,2018-09-19
1537484400,0.3824999928474426,0.3384000062942505,0.3707999885082245,0.3547999858856201,4008576,0.3547999858856201,2018-09-20
1537570800,0.3547999858856201,0.32499998807907104,0.352400004863739,0.3391000032424927,2130928,0.3391000032424927,2018-09-21
1537657200,0.34790000319480896,0.33219999074935913,0.3400000035762787,0.34360000491142273,1961251,0.34360000491142273,2018-09-22
1537743600,0.35409998893737793,0.33009999990463257,0.3375000059604645,0.33559998869895935,1522638,0.33559998869895935,2018-09-23
1537830000,0.35030001401901245,0.3199999928474426,0.32749998569488525,0.3262999951839447,1795910,0.3262999951839447,2018-09-24
1537916400,0.36970001459121704,0.3172000050544739,0.32749998569488525,0.3463999927043915,1886231,0.3463999927043915,2018-09-25
1538002800,0.36320000886917114,0.3422999978065491,0.35839998722076416,0.3467999994754791,1059209,0.3467999994754791,2018-09-26
1538089200,0.3483999967575073,0.3287999927997589,0.3441999852657318,0.3357999920845032,675536,0.3357999920845032,2018-09-27
1538175600,0.33739998936653137,0.33009999990463257,0.334199994802475,0.3312999904155731,258801,0.3312999904155731,2018-09-28
1538262000,0.3384000062942505,0.3179999887943268,0.33230000734329224,0.3321000039577484,617513,0.3321000039577484,2018-09-29
1538348400,0.3336000144481659,0.3244999945163727,0.33070001006126404,0.32580000162124634,421953,0.32580000162124634,2018-09-30
1538434800,0.326200008392334,0.31839999556541443,0.3224000036716461,0.320499986410141,309113,0.320499986410141,2018-10-01
1538521200,0.3197000026702881,0.3077000081539154,0.3188999891281128,0.3111000061035156,347628,0.3111000061035156,2018-10-02
1538607600,0.3237000107765198,0.3149999976158142,0.31529998779296875,0.32179999351501465,257146,0.32179999351501465,2018-10-03
1538694000,0.3725999891757965,0.32179999351501465,0.32429999113082886,0.3546000123023987,1416388,0.3546000123023987,2018-10-04
1538780400,0.3828999996185303,0.3361999988555908,0.35420000553131104,0.33880001306533813,1763470,0.33880001306533813,2018-10-05
1538866800,0.3433000147342682,0.3345000147819519,0.3393999934196472,0.33899998664855957,342291,0.33899998664855957,2018-10-06
1538953200,0.349700003862381,0.3391999900341034,0.3416000008583069,0.3449000120162964,431315,0.3449000120162964,2018-10-07
1539039600,0.34540000557899475,0.33000001311302185,0.34389999508857727,0.34060001373291016,552891,0.34060001373291016,2018-10-08
1539126000,0.3637000024318695,0.3343999981880188,0.33799999952316284,0.35019999742507935,858867,0.35019999742507935,2018-10-09
1539212400,0.33149999380111694,0.3037000000476837,0.3305000066757202,0.30379998683929443,768775,0.30379998683929443,2018-10-10
1539298800,0.31450000405311584,0.30480000376701355,0.3057999908924103,0.311599999666214,421393,0.311599999666214,2018-10-11
1539385200,0.32600000500679016,0.31029999256134033,0.3124000132083893,0.319599986076355,351435,0.319599986076355,2018-10-12
1539471600,0.3343999981880188,0.3158999979496002,0.32019999623298645,0.3257000148296356,464978,0.3257000148296356,2018-10-13
1539558000,0.34940001368522644,0.3231000006198883,0.34299999475479126,0.34119999408721924,880424,0.34119999408721924,2018-10-14
1539644400,0.36809998750686646,0.336899995803833,0.3384000062942505,0.3598000109195709,1589359,0.3598000109195709,2018-10-15
1539730800,0.38679999113082886,0.35179999470710754,0.3596999943256378,0.37779998779296875,1863079,0.37779998779296875,2018-10-16
1539817200,0.3961000144481659,0.367900013923645,0.37279999256134033,0.3772999942302704,1413935,0.3772999942302704,2018-10-17
1539903600,0.3815999925136566,0.35899999737739563,0.37630000710487366,0.3637999892234802,535459,0.3637999892234802,2018-10-18
1539990000,0.37700000405311584,0.36169999837875366,0.36500000953674316,0.37049999833106995,448373,0.37049999833106995,2018-10-19
1540076400,0.38370001316070557,0.36739999055862427,0.3716000020503998,0.3725999891757965,520728,0.3725999891757965,2018-10-20
1540162800,0.3953999876976013,0.35760000348091125,0.3711000084877014,0.39329999685287476,1420660,0.39329999685287476,2018-10-21
1540249200,0.48489999771118164,0.391400009393692,0.39239999651908875,0.43650001287460327,8420900,0.43650001287460327,2018-10-22
1540335600,0.4383000135421753,0.40610000491142273,0.43700000643730164,0.4131999909877777,1858608,0.4131999909877777,2018-10-23
1540422000,0.4474000036716461,0.3977999985218048,0.4124000072479248,0.4375,1269009,0.4375,2018-10-24
1540508400,0.45080000162124634,0.4162999987602234,0.43810001015663147,0.4325999915599823,1705205,0.4325999915599823,2018-10-25
1540594800,0.4641999900341034,0.4207000136375427,0.4334999918937683,0.445499986410141,1352876,0.445499986410141,2018-10-26
1540681200,0.44839999079704285,0.43160000443458557,0.445499986410141,0.4408000111579895,892423,0.4408000111579895,2018-10-27
1540771200,0.4323999881744385,0.3968000113964081,0.4300000071525574,0.41819998621940613,951675,0.41819998621940613,2018-10-29
1540857600,0.4625999927520752,0.41749998927116394,0.41819998621940613,0.45350000262260437,2270102,0.45350000262260437,2018-10-30
1540944000,0.5386999845504761,0.4440000057220459,0.45579999685287476,0.5128999948501587,6150528,0.5128999948501587,2018-10-31
1541030400,0.5898000001907349,0.4957999885082245,0.5160999894142151,0.5188000202178955,12454637,0.5188000202178955,2018-11-01
1541116800,0.5299999713897705,0.49619999527931213,0.5202999711036682,0.5027999877929688,2200082,0.5027999877929688,2018-11-02
1541203200,0.5580000281333923,0.4986000061035156,0.5013999938964844,0.5421000123023987,3032244,0.5421000123023987,2018-11-03
1541289600,0.5515999794006348,0.49619999527931213,0.5497999787330627,0.5069000124931335,2299345,0.5069000124931335,2018-11-04
1541376000,0.5139999985694885,0.4796000123023987,0.5042999982833862,0.48249998688697815,1253878,0.48249998688697815,2018-11-05
1541462400,0.4961000084877014,0.46650001406669617,0.486299991607666,0.483599990606308,1486525,0.483599990606308,2018-11-06
1541548800,0.49140000343322754,0.47269999980926514,0.48730000853538513,0.4837000072002411,895783,0.4837000072002411,2018-11-07
1541635200,0.5278000235557556,0.47530001401901245,0.47749999165534973,0.49619999527931213,2671223,0.49619999527931213,2018-11-08
1541721600,0.5116999745368958,0.478300005197525,0.4909999966621399,0.49230000376701355,904457,0.49230000376701355,2018-11-09
1541808000,0.5275999903678894,0.4912000000476837,0.4936999976634979,0.5194000005722046,1650763,0.5194000005722046,2018-11-10
1541894400,0.527999997138977,0.5063999891281128,0.5203999876976013,0.5105000138282776,624356,0.5105000138282776,2018-11-11
1541980800,0.5672000050544739,0.5042999982833862,0.5091000199317932,0.5630000233650208,2661060,0.5630000233650208,2018-11-12
1542067200,0.6204000115394592,0.5493999719619751,0.5598000288009644,0.5789999961853027,9403653,0.5789999961853027,2018-11-13
1542153600,0.5666999816894531,0.5030999779701233,0.5250999927520752,0.5544999837875366,7744254,0.5544999837875366,2018-11-14
1542240000,0.5641000270843506,0.5166000127792358,0.5454999804496765,0.5424000024795532,6117862,0.5424000024795532,2018-11-15
1542326400,0.5390999913215637,0.5117999911308289,0.5364999771118164,0.5144000053405762,3440433,0.5144000053405762,2018-11-16
1542412800,0.5170999765396118,0.4771000146865845,0.5127999782562256,0.4871000051498413,3377401,0.4871000051498413,2018-11-17
1542499200,0.5340999960899353,0.4839000105857849,0.491100013256073,0.5249999761581421,2449355,0.5249999761581421,2018-11-18
1542585600,0.4535999894142151,0.3849000036716461,0.4496999979019165,0.40799999237060547,3827754,0.40799999237060547,2018-11-19
1542672000,0.38119998574256897,0.3303999900817871,0.376800000667572,0.3418999910354614,3488340,0.3418999910354614,2018-11-20
1542758400,0.3734999895095825,0.3425999879837036,0.35359999537467957,0.3659999966621399,2488199,0.3659999966621399,2018-11-21
1542844800,0.36399999260902405,0.33709999918937683,0.3443000018596649,0.3379000127315521,1619973,0.3379000127315521,2018-11-22
1542931200,0.34940001368522644,0.3224000036716461,0.3400000035762787,0.3280999958515167,1181882,0.3280999958515167,2018-11-23
1543017600,0.2994999885559082,0.26330000162124634,0.29120001196861267,0.2815000116825104,1173295,0.2815000116825104,2018-11-24
1543104000,0.29330000281333923,0.2524999976158142,0.29249998927116394,0.2596000134944916,2746244,0.2596000134944916,2018-11-25
1543190400,0.289000004529953,0.24539999663829803,0.24539999663829803,0.28529998660087585,2421701,0.28529998660087585,2018-11-26
1543276800,0.32089999318122864,0.2732999920845032,0.288100004196167,0.28859999775886536,3530801,0.28859999775886536,2018-11-27
1543363200,0.35929998755455017,0.3154999911785126,0.32179999351501465,0.33149999380111694,2963322,0.33149999380111694,2018-11-28
1543449600,0.3831000030040741,0.3239000141620636,0.33340001106262207,0.34529998898506165,3065401,0.34529998898506165,2018-11-29
1543536000,0.3646000027656555,0.31299999356269836,0.32339999079704285,0.32170000672340393,3110521,0.32170000672340393,2018-11-30
1543622400,0.3499999940395355,0.3264000117778778,0.3368000090122223,0.33309999108314514,1808977,0.33309999108314514,2018-12-01
1543708800,0.33550000190734863,0.31470000743865967,0.328900009393692,0.3147999942302704,718564,0.3147999942302704,2018-12-02
1543795200,0.3107999861240387,0.2782000005245209,0.29409998655319214,0.2863999903202057,1117823,0.2863999903202057,2018-12-03
1543881600,0.3116999864578247,0.28519999980926514,0.2921000123023987,0.28690001368522644,1381405,0.28690001368522644,2018-12-04
1543968000,0.28299999237060547,0.2549999952316284,0.27149999141693115,0.25589999556541443,1055799,0.25589999556541443,2018-12-05
1544054400,0.24719999730587006,0.21789999306201935,0.2386000007390976,0.22020000219345093,1818331,0.22020000219345093,2018-12-06
1544140800,0.2222999930381775,0.19850000739097595,0.21610000729560852,0.21619999408721924,1671698,0.21619999408721924,2018-12-07
1544227200,0.2508000135421753,0.21410000324249268,0.21879999339580536,0.22679999470710754,1622391,0.22679999470710754,2018-12-08
1544313600,0.24580000340938568,0.22660000622272491,0.23549999296665192,0.23800000548362732,1006190,0.23800000548362732,2018-12-09
1544400000,0.23199999332427979,0.21220000088214874,0.2296999990940094,0.21699999272823334,482776,0.21699999272823334,2018-12-10
1544486400,0.23440000414848328,0.2102999985218048,0.21289999783039093,0.22179999947547913,601211,0.22179999947547913,2018-12-11
1544572800,0.2434999942779541,0.2240000069141388,0.2273000031709671,0.22619999945163727,877443,0.22619999945163727,2018-12-12
1544659200,0.21809999644756317,0.20080000162124634,0.21449999511241913,0.20489999651908875,836703,0.20489999651908875,2018-12-13
1544745600,0.20630000531673431,0.1988999992609024,0.20059999823570251,0.2029000073671341,659595,0.2029000073671341,2018-12-14
1544832000,0.20819999277591705,0.19979999959468842,0.20270000398159027,0.2037999927997589,544794,0.2037999927997589,2018-12-15
1544918400,0.21809999644756317,0.20469999313354492,0.2053000032901764,0.20600000023841858,673884,0.20600000023841858,2018-12-16
1545004800,0.2393999993801117,0.2232999950647354,0.22450000047683716,0.23309999704360962,790894,0.23309999704360962,2018-12-17
1545091200,0.27790001034736633,0.2433999925851822,0.24410000443458557,0.27549999952316284,2457355,0.27549999952316284,2018-12-18
1545177600,0.30820000171661377,0.2614000141620636,0.27709999680519104,0.29589998722076416,3902561,0.29589998722076416,2018-12-19
1545264000,0.37310001254081726,0.31540000438690186,0.32760000228881836,0.3395000100135803,5920886,0.3395000100135803,2018-12-20
1545350400,0.32820001244544983,0.2944999933242798,0.3199000060558319,0.2985999882221222,2485245,0.2985999882221222,2018-12-21
1545436800,0.3190999925136566,0.2971000075340271,0.30979999899864197,0.3147999942302704,1394072,0.3147999942302704,2018-12-22
1545523200,0.31690001487731934,0.2992999851703644,0.31189998984336853,0.31459999084472656,1305674,0.31459999084472656,2018-12-23
1545609600,0.3255999982357025,0.29840001463890076,0.3203999996185303,0.30889999866485596,1786219,0.30889999866485596,2018-12-24
1545696000,0.32580000162124634,0.2827000021934509,0.29019999504089355,0.32409998774528503,2847531,0.32409998774528503,2018-12-25
1545782400,0.32659998536109924,0.29829999804496765,0.325300008058548,0.30630001425743103,1755809,0.30630001425743103,2018-12-26
1545868800,0.29319998621940613,0.2720000147819519,0.29019999504089355,0.2736000120639801,911266,0.2736000120639801,2018-12-27
1545955200,0.3034000098705292,0.28780001401901245,0.2962000072002411,0.29750001430511475,1129920,0.29750001430511475,2018-12-28
1546041600,0.3075999915599823,0.28189998865127563,0.28610000014305115,0.296999990940094,1783835,0.296999990940094,2018-12-29
1546128000,0.3156000077724457,0.299699991941452,0.30469998717308044,0.301800012588501,1132283,0.301800012588501,2018-12-30
1546214400,0.29490000009536743,0.28450000286102295,0.29030001163482666,0.288100004196167,778380,0.288100004196167,2018-12-31
1546300800,0.31380000710487366,0.29820001125335693,0.29829999804496765,0.3028999865055084,918125,0.3028999865055084,2019-01-01
1546387200,0.32190001010894775,0.3061999976634979,0.3091999888420105,0.31869998574256897,830036,0.31869998574256897,2019-01-02
1546473600,0.3716000020503998,0.3075999915599823,0.30869999527931213,0.3700000047683716,9037922,0.3700000047683716,2019-01-03
1546560000,0.45559999346733093,0.36890000104904175,0.37369999289512634,0.44359999895095825,20428011,0.44359999895095825,2019-01-04
1546646400,0.4426000118255615,0.3853999972343445,0.4413999915122986,0.396699994802475,9646074,0.396699994802475,2019-01-05
1546732800,0.430400013923645,0.38600000739097595,0.4221999943256378,0.39730000495910645,5393667,0.39730000495910645,2019-01-06
1546819200,0.4122999906539917,0.37070000171661377,0.3921999931335449,0.3790000081062317,3111938,0.3790000081062317,2019-01-07
1546905600,0.42910000681877136,0.364300012588501,0.3781000077724457,0.42829999327659607,4899566,0.42829999327659607,2019-01-08
1546992000,0.4417000114917755,0.4000999927520752,0.42910000681877136,0.4034999907016754,5492585,0.4034999907016754,2019-01-09
1547078400,0.36970001459121704,0.3398999869823456,0.36559998989105225,0.3544999957084656,3454835,0.3544999957084656,2019-01-10
1547164800,0.4652999937534332,0.3546000123023987,0.3546000123023987,0.4453999996185303,10527164,0.4453999996185303,2019-01-11
1547251200,0.4715999960899353,0.40639999508857727,0.4449000060558319,0.41260001063346863,10097550,0.41260001063346863,2019-01-12
1547337600,0.45739999413490295,0.37470000982284546,0.39989998936653137,0.43959999084472656,6639361,0.43959999084472656,2019-01-13
1547424000,0.5052000284194946,0.4374000132083893,0.4584999978542328,0.4871000051498413,12813087,0.4871000051498413,2019-01-14
1547510400,0.5590999722480774,0.453000009059906,0.47620001435279846,0.5206999778747559,19188510,0.5206999778747559,2019-01-15
1547596800,0.5483999848365784,0.4715000092983246,0.5239999890327454,0.4966999888420105,11234095,0.4966999888420105,2019-01-16
1547683200,0.5092999935150146,0.4794999957084656,0.5023000240325928,0.4839000105857849,6102221,0.4839000105857849,2019-01-17
1547769600,0.5092999935150146,0.4666000008583069,0.4790000021457672,0.49869999289512634,4845098,0.49869999289512634,2019-01-18
1547856000,0.5109999775886536,0.4788999855518341,0.5098999738693237,0.49050000309944153,3359984,0.49050000309944153,2019-01-19
1547942400,0.4970000088214874,0.4645000100135803,0.4691999852657318,0.48739999532699585,3492703,0.48739999532699585,2019-01-20
1548028800,0.5250999927520752,0.47360000014305115,0.4878999888896942,0.503600001335144,4719056,0.503600001335144,2019-01-21
1548115200,0.5720000267028809,0.5045999884605408,0.5078999996185303,0.5385000109672546,8317541,0.5385000109672546,2019-01-22
1548201600,0.5461999773979187,0.5033000111579895,0.5339999794960022,0.5078999996185303,5776921,0.5078999996185303,2019-01-23
1548288000,0.51419997215271,0.4796999990940094,0.5116999745368958,0.5048999786376953,4800945,0.5048999786376953,2019-01-24
1548374400,0.5163000226020813,0.47290000319480896,0.5026999711990356,0.47510001063346863,4594846,0.47510001063346863,2019-01-25
1548460800,0.4851999878883362,0.46470001339912415,0.47690001130104065,0.47040000557899475,3259609,0.47040000557899475,2019-01-26
1548547200,0.46630001068115234,0.4246000051498413,0.46630001068115234,0.4316999912261963,5468597,0.4316999912261963,2019-01-27
1548633600,0.4205999970436096,0.3578000068664551,0.41819998621940613,0.41339999437332153,7997036,0.41339999437332153,2019-01-28
1548720000,0.4641999900341034,0.40709999203681946,0.4092000126838684,0.45190000534057617,11576999,0.45190000534057617,2019-01-29
1548806400,0.4587000012397766,0.41749998927116394,0.45840001106262207,0.424699991941452,5142701,0.424699991941452,2019-01-30
1548892800,0.4341000020503998,0.38190001249313354,0.4207000136375427,0.3846000134944916,3272977,0.3846000134944916,2019-01-31
1548979200,0.426800012588501,0.383899986743927,0.38769999146461487,0.4153999984264374,3470509,0.4153999984264374,2019-02-01
1549065600,0.4381999969482422,0.400299996137619,0.42100000381469727,0.41609999537467957,2592613,0.41609999537467957,2019-02-02
1549152000,0.41019999980926514,0.3894999921321869,0.4090999960899353,0.3959999978542328,1949803,0.3959999978542328,2019-02-03
1549238400,0.4075999855995178,0.38359999656677246,0.3939000070095062,0.39079999923706055,2423637,0.39079999923706055,2019-02-04
1549324800,0.42989999055862427,0.3882000148296356,0.3926999866962433,0.41920000314712524,3409182,0.41920000314712524,2019-02-05
1549411200,0.4142000079154968,0.39079999923706055,0.41280001401901245,0.3986000120639801,2900721,0.3986000120639801,2019-02-06
1549497600,0.4034000039100647,0.3871999979019165,0.39629998803138733,0.39800000190734863,1220775,0.39800000190734863,2019-02-07
1549584000,0.45419999957084656,0.428600013256073,0.43149998784065247,0.43810001015663147,2259721,0.43810001015663147,2019-02-08
1549670400,0.48500001430511475,0.43209999799728394,0.43720000982284546,0.46129998564720154,3528020,0.46129998564720154,2019-02-09
1549756800,0.4860999882221222,0.44110000133514404,0.46540001034736633,0.4510999917984009,4048186,0.4510999917984009,2019-02-10
1549843200,0.44670000672340393,0.41819998621940613,0.44200000166893005,0.42649999260902405,3075220,0.42649999260902405,2019-02-11
1549929600,0.43230000138282776,0.41999998688697815,0.42719998955726624,0.42579999566078186,1758681,0.42579999566078186,2019-02-12
1550016000,0.4431999921798706,0.415800005197525,0.4244000017642975,0.4410000145435333,2161831,0.4410000145435333,2019-02-13
1550102400,0.4413999915122986,0.41990000009536743,0.4388999938964844,0.4244999885559082,1709688,0.4244999885559082,2019-02-14
1550188800,0.4408999979496002,0.42149999737739563,0.4250999987125397,0.4334000051021576,1278823,0.4334000051021576,2019-02-15
1550275200,0.4438000023365021,0.43230000138282776,0.43619999289512634,0.43799999356269836,1135040,0.43799999356269836,2019-02-16
1550361600,0.4860000014305115,0.4368000030517578,0.44449999928474426,0.4625000059604645,3710907,0.4625000059604645,2019-02-17
1550448000,0.4984999895095825,0.46560001373291016,0.49300000071525574,0.47380000352859497,3140830,0.47380000352859497,2019-02-18
1550534400,0.48190000653266907,0.45399999618530273,0.47519999742507935,0.4560000002384186,2669987,0.4560000002384186,2019-02-19
1550620800,0.47609999775886536,0.4478999972343445,0.4618000090122223,0.46299999952316284,3276209,0.46299999952316284,2019-02-20
1550707200,0.4724000096321106,0.4374000132083893,0.4587000012397766,0.44369998574256897,3181011,0.44369998574256897,2019-02-21
1550793600,0.4593000113964081,0.44339999556541443,0.4489000141620636,0.4496999979019165,2017536,0.4496999979019165,2019-02-22
1550880000,0.47589999437332153,0.45680001378059387,0.4684000015258789,0.46219998598098755,1896321,0.46219998598098755,2019-02-23
1550966400,0.4250999987125397,0.3982999920845032,0.420199990272522,0.4081000089645386,2355294,0.4081000089645386,2019-02-24
1551052800,0.47760000824928284,0.4083999991416931,0.41609999537467957,0.47530001401901245,4621810,0.47530001401901245,2019-02-25
1551139200,0.4722999930381775,0.42800000309944153,0.47189998626708984,0.4348999857902527,3054269,0.4348999857902527,2019-02-26
1551225600,0.44279998540878296,0.42410001158714294,0.43630000948905945,0.4293999969959259,1517650,0.4293999969959259,2019-02-27
1551312000,0.4431000053882599,0.41519999504089355,0.428600013256073,0.42480000853538513,1830098,0.42480000853538513,2019-02-28
1551398400,0.43639999628067017,0.4180000126361847,0.42570000886917114,0.42989999055862427,1767845,0.42989999055862427,2019-03-01
1551484800,0.43540000915527344,0.42160001397132874,0.4311999976634979,0.4242999851703644,1069580,0.4242999851703644,2019-03-02
1551571200,0.427700012922287,0.42010000348091125,0.42089998722076416,0.42010000348091125,814058,0.42010000348091125,2019-03-03
1551657600,0.42500001192092896,0.3991999924182892,0.41119998693466187,0.4052000045776367,1868629,0.4052000045776367,2019-03-04
1551744000,0.4381999969482422,0.414900004863739,0.4207000136375427,0.4307999908924103,3170868,0.4307999908924103,2019-03-05
1551830400,0.4410000145435333,0.4235000014305115,0.4309000074863434,0.4309000074863434,2179850,0.4309000074863434,2019-03-06
1551916800,0.47519999742507935,0.4271000027656555,0.4316999912261963,0.4530999958515167,4587919,0.4530999958515167,2019-03-07
1552003200,0.5085999965667725,0.4505999982357025,0.4514000117778778,0.4634000062942505,8497120,0.4634000062942505,2019-03-08
1552089600,0.4851999878883362,0.46070000529289246,0.47290000319480896,0.47530001401901245,4176071,0.47530001401901245,2019-03-09
1552176000,0.5497999787330627,0.4677000045776367,0.4731999933719635,0.499099999666214,8302779,0.499099999666214,2019-03-10
1552262400,0.5080000162124634,0.45840001106262207,0.4921000003814697,0.46459999680519104,5760436,0.46459999680519104,2019-03-11
1552348800,0.5047000050544739,0.45890000462532043,0.46619999408721924,0.48840001225471497,4090563,0.48840001225471497,2019-03-12
1552435200,0.48829999566078186,0.4700999855995178,0.4871000051498413,0.48170000314712524,2667382,0.48170000314712524,2019-03-13
1552521600,0.4999000132083893,0.47510001063346863,0.4821000099182129,0.48669999837875366,3679048,0.48669999837875366,2019-03-14
1552608000,0.5002999901771545,0.4837999939918518,0.4925000071525574,0.48660001158714294,1822634,0.48660001158714294,2019-03-15
1552694400,0.5058000087738037,0.46790000796318054,0.49889999628067017,0.48399999737739563,2834198,0.48399999737739563,2019-03-16
1552780800,0.4918000102043152,0.4729999899864197,0.4805999994277954,0.4805999994277954,2536679,0.4805999994277954,2019-03-17
1552867200,0.48030000925064087,0.4666999876499176,0.4794999957084656,0.47589999437332153,1494407,0.47589999437332153,2019-03-18
1552953600,0.48249998688697815,0.46959999203681946,0.48010000586509705,0.48010000586509705,1269646,0.48010000586509705,2019-03-19
1553040000,0.498199999332428,0.4794999957084656,0.48399999737739563,0.4832000136375427,1462902,0.4832000136375427,2019-03-20
1553126400,0.47839999198913574,0.4424999952316284,0.47600001096725464,0.45719999074935913,1873212,0.45719999074935913,2019-03-21
1553212800,0.4657000005245209,0.4496999979019165,0.4577000141143799,0.4645000100135803,1852469,0.4645000100135803,2019-03-22
1553299200,0.4659999907016754,0.45719999074935913,0.4652000069618225,0.4607999920845032,1027525,0.4607999920845032,2019-03-23
1553385600,0.4609000086784363,0.4489000141620636,0.4593000113964081,0.4537000060081482,1206953,0.4537000060081482,2019-03-24
1553472000,0.49720001220703125,0.44110000133514404,0.4458000063896179,0.4717000126838684,4525549,0.4717000126838684,2019-03-25
1553558400,0.48410001397132874,0.4498000144958496,0.4738999903202057,0.45969998836517334,2832243,0.45969998836517334,2019-03-26
1553644800,0.5033000111579895,0.4677000045776367,0.4717999994754791,0.4959999918937683,3645171,0.4959999918937683,2019-03-27
1553731200,0.5109999775886536,0.487199991941452,0.4948999881744385,0.5001000165939331,3807493,0.5001000165939331,2019-03-28
1553817600,0.5105999708175659,0.4916999936103821,0.5094000101089478,0.5023999810218811,2246805,0.5023999810218811,2019-03-29
1553904000,0.503600001335144,0.4896000027656555,0.5031999945640564,0.49540001153945923,1371701,0.49540001153945923,2019-03-30
1553990400,0.5415999889373779,0.4893999993801117,0.49480000138282776,0.5095999836921692,4960575,0.5095999836921692,2019-03-31
1554073200,0.5625,0.5090000033378601,0.5142999887466431,0.5541999936103821,7281779,0.5541999936103821,2019-03-31
1554159600,0.659500002861023,0.5814999938011169,0.6550999879837036,0.5888000130653381,6638675,0.5888000130653381,2019-04-01
1554246000,0.6121000051498413,0.5533999800682068,0.5971999764442444,0.5658000111579895,5647270,0.5658000111579895,2019-04-02
1554332400,0.5734000205993652,0.529699981212616,0.5586000084877014,0.5410000085830688,3713352,0.5410000085830688,2019-04-03
1554418800,0.5845000147819519,0.5536999702453613,0.5557000041007996,0.5799000263214111,2528048,0.5799000263214111,2019-04-04
1554505200,0.5936999917030334,0.5547999739646912,0.5810999870300293,0.5705000162124634,2367132,0.5705000162124634,2019-04-05
1554591600,0.5965999960899353,0.5752000212669373,0.5867000222206116,0.5794000029563904,1594148,0.5794000029563904,2019-04-06
1554678000,0.5976999998092651,0.5537999868392944,0.5898000001907349,0.5685999989509583,3106073,0.5685999989509583,2019-04-07
1554764400,0.5590999722480774,0.5248000025749207,0.5586000084877014,0.5357000231742859,2458199,0.5357000231742859,2019-04-08
1554850800,0.5478000044822693,0.5188999772071838,0.5478000044822693,0.5210000276565552,2461013,0.5210000276565552,2019-04-09
1554937200,0.5005000233650208,0.4611000120639801,0.4945000112056732,0.4830999970436096,1890921,0.4830999970436096,2019-04-10
1555023600,0.517799973487854,0.4708999991416931,0.486299991607666,0.49410000443458557,1769790,0.49410000443458557,2019-04-11
1555110000,0.5430999994277954,0.49399998784065247,0.49399998784065247,0.5396000146865845,2210121,0.5396000146865845,2019-04-12
1555196400,0.5573999881744385,0.5221999883651733,0.5486000180244446,0.527400016784668,1510775,0.527400016784668,2019-04-13
1555282800,0.5157999992370605,0.48399999737739563,0.5142999887466431,0.4902999997138977,1635255,0.4902999997138977,2019-04-14
1555369200,0.5260000228881836,0.5004000067710876,0.5073999762535095,0.5015000104904175,1022944,0.5015000104904175,2019-04-15
1555455600,0.5059999823570251,0.49390000104904175,0.5037000179290771,0.5020999908447266,913400,0.5020999908447266,2019-04-16
1555542000,0.527400016784668,0.5055000185966492,0.5072000026702881,0.5230000019073486,1125455,0.5230000019073486,2019-04-17
1555628400,0.546999990940094,0.5138000249862671,0.5235999822616577,0.5146999955177307,1740629,0.5146999955177307,2019-04-18
1555714800,0.5318999886512756,0.5105000138282776,0.5177000164985657,0.5151000022888184,1299048,0.5151000022888184,2019-04-19
1555801200,0.5144000053405762,0.4846999943256378,0.5131000280380249,0.5001000165939331,1220395,0.5001000165939331,2019-04-20
1555887600,0.527400016784668,0.4950999915599823,0.5084999799728394,0.49619999527931213,1506478,0.49619999527931213,2019-04-21
1555974000,0.5115000009536743,0.4765999913215637,0.5095000267028809,0.47929999232292175,1753499,0.47929999232292175,2019-04-22
1556060400,0.483599990606308,0.44200000166893005,0.47200000286102295,0.4796999990940094,2112057,0.4796999990940094,2019-04-23
1556146800,0.47380000352859497,0.4359999895095825,0.45399999618530273,0.44130000472068787,1910923,0.44130000472068787,2019-04-24
1556233200,0.44839999079704285,0.4284999966621399,0.4474000036716461,0.4350999891757965,1322591,0.4350999891757965,2019-04-25
1556319600,0.4546999931335449,0.43149998784065247,0.43470001220703125,0.4383000135421753,1057945,0.4383000135421753,2019-04-26
1556406000,0.4555000066757202,0.4399999976158142,0.44119998812675476,0.4481000006198883,1064428,0.4481000006198883,2019-04-27
1556492400,0.45100000500679016,0.4253000020980835,0.44510000944137573,0.43149998784065247,1178597,0.43149998784065247,2019-04-28
1556578800,0.48010000586509705,0.4406999945640564,0.4408000111579895,0.47690001130104065,1758960,0.47690001130104065,2019-04-29
1556665200,0.491100013256073,0.46799999475479126,0.4803999960422516,0.475600004196167,1411133,0.475600004196167,2019-04-30
1556751600,0.4876999855041504,0.460099995136261,0.48539999127388,0.46309998631477356,962051,0.46309998631477356,2019-05-01
1556838000,0.5231999754905701,0.46799999475479126,0.48429998755455017,0.5092999935150146,2132089,0.5092999935150146,2019-05-02
1556924400,0.5198000073432922,0.49320000410079956,0.5170000195503235,0.4959000051021576,1243641,0.4959000051021576,2019-05-03
1557010800,0.5242000222206116,0.49129998683929443,0.492000013589859,0.5059000253677368,1461797,0.5059000253677368,2019-05-04
1557097200,0.5856999754905701,0.49889999628067017,0.5019000172615051,0.5759999752044678,5009601,0.5759999752044678,2019-05-05
1557183600,0.6022999882698059,0.5386000275611877,0.5831000208854675,0.5386999845504761,5966832,0.5386999845504761,2019-05-06
1557270000,0.6238999962806702,0.5410000085830688,0.5551999807357788,0.5938000082969666,3646610,0.5938000082969666,2019-05-07
1557356400,0.7067000269889832,0.5985000133514404,0.6108999848365784,0.6376000046730042,9248435,0.6376000046730042,2019-05-08
1557442800,0.7293000221252441,0.6549000144004822,0.6567999720573425,0.6694999933242798,7986488,0.6694999933242798,2019-05-09
1557529200,0.7738000154495239,0.6736999750137329,0.7573000192642212,0.6837000250816345,6561432,0.6837000250816345,2019-05-10
1557615600,0.6783999800682068,0.6244000196456909,0.6633999943733215,0.6579999923706055,3747329,0.6579999923706055,2019-05-11
1557702000,0.7512999773025513,0.6363999843597412,0.7361000180244446,0.6470999717712402,3803852,0.6470999717712402,2019-05-12
1557788400,0.9448000192642212,0.6395999789237976,0.6615999937057495,0.8274999856948853,18420362,0.8274999856948853,2019-05-13
1557874800,0.9075999855995178,0.8080999851226807,0.8486999869346619,0.8461999893188477,9091450,0.8461999893188477,2019-05-14
1557961200,0.9394000172615051,0.7689999938011169,0.8141999840736389,0.9283999800682068,15386754,0.9283999800682068,2019-05-15
1558047600,0.9495000243186951,0.8198000192642212,0.8691999912261963,0.8934999704360962,15943651,0.8934999704360962,2019-05-16
1558134000,0.9577000141143799,0.8596000075340271,0.8805999755859375,0.9366000294685364,7859955,0.9366000294685364,2019-05-17
1558220400,1.090000033378601,0.9757999777793884,1.059999942779541,0.9937999844551086,15103728,0.9937999844551086,2019-05-18
1558306800,1.149999976158142,0.9598000049591064,0.9702000021934509,1.1299999952316284,12454748,1.1299999952316284,2019-05-19
1558393200,1.2300000190734863,1.059999942779541,1.1200000047683716,1.190000057220459,22399051,1.190000057220459,2019-05-20
1558479600,1.4299999475479126,1.1299999952316284,1.1399999856948853,1.2100000381469727,48861716,1.2100000381469727,2019-05-21
1558566000,1.3899999856948853,1.190000057220459,1.25,1.340000033378601,28531218,1.340000033378601,2019-05-22
1558652400,1.4700000286102295,1.2200000286102295,1.3600000143051147,1.340000033378601,22767888,1.340000033378601,2019-05-23
1558738800,1.350000023841858,1.1100000143051147,1.350000023841858,1.1200000047683716,22702260,1.1200000047683716,2019-05-24
1558825200,1.2999999523162842,1.0499999523162842,1.2100000381469727,1.090000033378601,17881775,1.090000033378601,2019-05-25
1558911600,1.309999942779541,1.090000033378601,1.100000023841858,1.2200000286102295,24626163,1.2200000286102295,2019-05-26
1558998000,1.350000023841858,1.1399999856948853,1.2100000381469727,1.2799999713897705,23270220,1.2799999713897705,2019-05-27
1559084400,1.2699999809265137,1.1399999856948853,1.2699999809265137,1.1699999570846558,15150587,1.1699999570846558,2019-05-28
1559170800,1.159999966621399,0.9136999845504761,1.1200000047683716,1.0,23316322,1.0,2019-05-29
1559257200,1.090000033378601,0.9721999764442444,1.0399999618530273,1.0199999809265137,17254335,1.0199999809265137,2019-05-30
1559343600,1.059999942779541,0.9523000121116638,1.0199999809265137,0.958299994468689,8813611,0.958299994468689,2019-05-31
1559430000,1.0700000524520874,0.9532999992370605,0.978600025177002,1.0199999809265137,8004319,1.0199999809265137,2019-06-01
1559516400,0.9559000134468079,0.890999972820282,0.9437000155448914,0.9014999866485596,5512645,0.9014999866485596,2019-06-02
1559602800,0.8974999785423279,0.8191999793052673,0.8529999852180481,0.8844000101089478,6878560,0.8844000101089478,2019-06-03
1559689200,1.1100000143051147,0.8928999900817871,0.897599995136261,1.100000023841858,24177303,1.100000023841858,2019-06-04
1559775600,1.2899999618530273,1.059999942779541,1.100000023841858,1.1100000143051147,24819505,1.1100000143051147,2019-06-05
1559862000,1.25600004196167,1.1009999513626099,1.1399999856948853,1.1799999475479126,17864982,1.1799999475479126,2019-06-06
1559948400,1.1920000314712524,1.1349999904632568,1.1690000295639038,1.1440000534057617,5634812,1.1440000534057617,2019-06-07
1560034800,1.1109999418258667,1.0140000581741333,1.1019999980926514,1.062000036239624,5159590,1.062000036239624,2019-06-08
1560121200,1.2269999980926514,1.1100000143051147,1.1369999647140503,1.2120000123977661,711043,1.2120000123977661,2019-06-09
1560207600,1.2059999704360962,1.1150000095367432,1.1979999542236328,1.1269999742507935,1202373,1.1269999742507935,2019-06-10
1560294000,1.194000005722046,1.121000051498413,1.1619999408721924,1.1510000228881836,5284267,1.1510000228881836,2019-06-11
1560380400,1.9880000352859497,1.0920000076293945,1.1160000562667847,1.871000051498413,10296027,1.871000051498413,2019-06-12
1560466800,1.9559999704360962,1.5420000553131104,1.934000015258789,1.6490000486373901,8243514,1.6490000486373901,2019-06-13
1560553200,1.8459999561309814,1.6480000019073486,1.6829999685287476,1.7289999723434448,2733791,1.7289999723434448,2019-06-14
